 -0.69780911556555736        5.7970797138871504      -0.13817674339870470     
   1.3115827619442433      -0.86587399864375358        5.9129585727463843     
   3.0180063237518251        4.9469756295697866        1.1154150363818502     
  0.60678766290698027        2.9356872771189102       0.31601696003449192     
 -0.61149364444741872      -0.92943539377245166       -1.3849223557919603     
  0.37808752809886159       -1.8182299331445897        1.8000009686806921     
   1.6653592367905681        3.2465901630669904        1.2817852388343658     
   1.5146100073410285        1.7990179390165728        1.2695497319102862     
 -0.59604304902007510       -1.6561928181696506        1.7999255699602048     
   1.6499782141239936       -1.9358672590016848       -2.3160095747625173     
  -2.1668535985115782       -1.2869347816520333       -5.5187787565554314E-002
   1.3820006283426913        1.2829119061274039       -1.0395718199614288     
 -0.36103984311830528        2.0905011910881912        3.1017223003606298     
   2.3505427268871397       0.13976625031319784       0.39839875468597230     
   2.4786080066786953      -0.53017023218710357        1.4333630097803469     
  0.13649756399397303       0.69053565656978544       -1.3272227978051756     
  -2.0740035525326261      -0.38862790031152722        2.4241504474465314     
   2.1795092875725057        1.9747843908392735        1.3082431843620641     
   1.7475502943811896        3.9701228211350048        1.9015214285025124     
  -1.2627065796643582        1.4479259893068921       -2.9423373941721924     
   1.2967111706524495       -1.1114639759123079        2.9801359339523152     
   3.6019907508803222       -1.0719673763401412        1.1419654494150595     
  -1.6334372630708309        1.3056865223242908       0.62987030604607097     
 -0.52359135522819988        2.8643264441170544      -0.33419407109187915     
  0.68162681244187884       0.29245904974031167      -0.17662747491787209     
  -1.0508876058991075        1.6179583326763656       0.63289820327857338     
   1.1643927362128614       0.16732143433915411       -2.8160603634869150     
  -1.4278507044121804        4.9384763801627720        7.0990887851076323E-002
  0.54549742765344711        1.4410535577863248       -7.2666171461543069E-003
 -0.20681380259122759      -0.65178206769897251        3.3293661780367803     
 -0.71725961326283949        2.9853099384943338       0.71683734042251546     
   2.8197558872142841       -1.4458279858316450       0.24103430092813755     
   2.5327614224468471        2.0500253795695311       0.43931829621154839     
  -1.4141143319910041       0.84021614071676354        2.9195791431993703     
   4.1050901326989973       0.88415534682980546       -5.9506250258054463E-002
   2.8612303719812036      -0.99733771645634794       0.87088893108139664     
  0.88266975840046369       -1.7093674023271364        3.1229618452083181     
 -0.80389540879819965        2.3197150491925673       0.81128165631641014     
   1.3913921214330527      -0.73487181568575177      -0.11057544216669118     
  0.52836086667236715        1.5357775586828681       0.76791355639070313     
  -9.8963622466948675E-002   2.1894688548665266        3.7902630507474480     
  -1.5355635176001001       0.78276570142635138      -0.83922244891722331     
   2.0502150031463464       0.69343448697048948       0.78491380937745403     
  -3.9112657893574709E-002 -0.66649291301622182       -2.2608267610146120     
  -1.7750252238805933      -0.16530363298279460       0.64132388905178817     
  0.97249431288996402       0.51904045256344744       0.70344469475495486     
 -0.86174861307820416       -2.2360851380611844       -2.2241240466956747     
  0.58469286789196195       -1.2561453237830997       0.50704743331114277     
  0.46876624187112809      -0.36006404021762595        2.8603437538426575     
   1.4324235370199727        1.4218506975104082        2.8351271211409679     
   2.2318188409066111       -6.9126010979810373E-002   3.3859013890081702     
  -1.6575716121284310       0.56817617932005660       -2.7643489900925502     
   1.0142433763996306       -1.5348658891130578        4.3620096696257757     
   3.3638104084510254        3.4103841266328896       -1.5822297037074355     
  0.85498277212181162       -1.9275848246024661      -0.86412229562694243     
   2.6335665757609075       -2.1247842645409691       -1.7855474144258423     
  -1.1063773372390535      -0.73132036317900251      -0.96255529294368392     
  0.35019523223914295        2.0516984719970233        3.1541848107487356     
   1.9777996485429090       -1.5047751278377481       -1.4523089396344722     
   1.2522194239182212       -3.4571596724952962E-002   1.0184293433722629     
   2.8787601530299738       0.65048089101618423      -0.25707181567415577     
  0.58319538313082253      -0.32034886009316260      -0.36153723078114802     
   1.0045185846834215        1.1761823353435570       -2.9691638506482345     
   2.0224426596629415       0.69527736182982069       -5.8912956975448107E-002
  -5.4628025735395234E-002   1.7715527755760059        1.3557669232992140     
   4.1720168717961235      -0.54590519857371633       0.20375000082933742     
  0.97234802891284766        3.2232346602530262      -0.77102155229634550     
   3.5355900486581930        1.9790172201761580      -0.50119425183019717     
   1.5667450960070026        4.9669671826903103       -1.8220728409888238     
  0.37651244149497176        4.5904788413374327       -1.5371750647687850     
 -0.11918007176290500      -0.40324690194539620       -3.0560375799914850     
  0.20619457531402668       0.29323836914053364       -1.8255995090842854     
   2.0754630863772916       0.60851657357077704        2.0966857805377650     
   1.6895865786780084       -1.9700195947093724        2.9805996503299035     
   2.9824406401776993        1.1460408397736854       -1.6437407722698034     
   3.7041487064901810      -0.65979868106681749        2.8064021298703792     
   4.8276730887480461        3.0068460163317017        1.0766773152069766     
   1.1458621398440205       0.97187916986669054        7.3382007063780090     
  -1.4424169264539064        2.2095310929465555       0.49673128030199076     
   1.4580626201807083       0.10230162876719968        5.9024511293060593     
 -0.81412457821473261       0.74148702239850017       -2.2999856149818316     
  -1.4484172661418466        1.2054220880630369       -1.3802378978636698     
  0.25353011400316044        4.5026582976014584       0.20819738810967656     
  -1.4356111545473631       0.79135893105684074        2.1806516779643936     
   1.7888794850912955        3.8477565965377871       -1.2752836656970317     
  -1.8109726311751140        4.4158473423010829       -1.1035729419117370     
   2.7690888477904094        1.5018295609159513        3.2385259882866722     
 -0.59075031386490717       -1.5373111773000698        2.5571873734457791     
  0.34589388173141333      -0.30390405367488671        3.6274225045946205     
  -2.2904139863233217       -1.2817095633316582      -0.91112763230009164     
   2.4823645132074947       -2.4075127136313719      -0.61589951155834088     
   1.2825239115129685        3.0751168445002519       0.60876396275030409     
   3.5152532641468297       -1.1489769357234516       0.41312804889584687     
   2.7692378393851036       -1.1607571182169016       -1.5067110974188231     
  0.19955951003229574        1.0056431559677199        2.2335584744702657     
  0.91390955971896792        4.8646661301951166       0.50634764805015386     
 -0.93020625514331912        3.3451914700478622      -0.12247611143547903     
 -0.12041901503986895       0.88248489849399203      -0.54663737035151549     
  -1.1729873136003812        1.1486192189154139      -0.28835832731819977     
 -0.88928823559810066       0.77741505966358748        1.6677138318348244     
 -0.19857791822667584       -2.0342425334107248        1.2831186643495374     
 -0.17285141083893815       -1.1946271471800047       0.42410765343977297     
  0.62462242856204220      -0.96186407545881747        3.7354301486606625     
  -1.6912693433362123        1.3593806447780870        5.2055999869445122     
 -0.30120920901547699       -1.5477926600592353       -1.4109402728684164     
  0.93680164824607404        1.6294732658493098        3.3939851940218748     
   2.8193402173272872       -1.1490197355224672        1.6561916601699500     
  0.75802943734308526       -1.2655726590610303       -1.0900894743143636     
   1.1082410200570740       0.23244098966342705       -1.7884562757599596     
  -1.2643791859519997        3.5807840245029294        1.4420194485259787     
 -0.41830356177087563        5.1988374591911590      -0.78437154668813247     
   2.0967964790005347       -1.7064802597259279        5.2416570121005774     
   6.4375797368188520E-002  0.12078803511487117        3.2095849939435546     
   5.1161712446354564        1.8900292580205442        2.0926312279733250     
  0.70744639828856049        5.2490278059665059      -0.96397502825311909     
 -0.68694726721109156       0.76020843963513329        3.2003459134966357     
   1.2760700343891931        2.0792326426865078        2.4899176030339065     
  -1.0241591820981568        1.8473860995683205        6.0268048336484477E-002
  0.17803062215033177        4.0154486743091047        2.0911445890813076     
   1.9869630689598783        1.9952714822629107       -1.9035517342757631     
   2.9508528704133585        1.3849079247668004      -0.87617096306858500     
  -1.2399452971213663        1.5036520682264243        1.6612087740205501     
  0.63123749335657142        2.2611855222555453       -1.6592345767291845     
   2.4788409008196783       0.51765118376648256       -1.3026412465187611     
   2.6363972798609172        1.9079655044455617        5.1418996954250886     
 -0.67852839256140973      -0.15973096860483146       0.79239020727891918     
   2.1185059256907390        1.3530908141066815        5.2029441879998840E-002
   2.1428414694963434       0.59875948361129872        5.6183005352706212     
  -1.2288031667776906        2.7244707876412453       -1.0702200669230069     
 -0.46590626380845263       0.15189165967507789        7.0004882804810853     
   2.9618791316894044        1.3075770718147841        2.4348443675523885     
  -2.3021202934246721        1.8253087574488900       -1.2654234427089359     
 -0.43282191041538981        1.6518145077139015        5.2006160308242908     
   1.3432273147483993        2.1740453697907802        3.2128898318540364     
  0.43444830210862789        5.2058866615146178        2.1457337698368875     
 -0.57064754471631840        1.2665807167165128        3.7838122718192801     
 -0.31894107788433568        3.6399257173348696       -1.4997188606649352     
  0.94686930673579650        2.9407828143592534       -2.1151074565849548     
   1.4643835932632803       0.91164494471111679        2.0861271267819639     
   2.3267866468929048        3.9336814008657965        1.2572877860778069     
 -0.43601373757355949      -0.95843455677739853      -0.81431919065150493     
   1.5005058031439562        3.9756294487988568        1.0438012974896009     
   3.7098270319879822        1.5119048723146757       -1.1960744789372577     
   2.1394784172379211       -1.1778394980806539       0.47490999683294299     
 -0.40751104290694617        2.7858038859912906       -2.0036330450782787     
 -0.65006965576347342        4.0888565980112723        1.2074938484954088     
  0.90022658637847131       -2.5249511665473676       0.33858538908757924     
   3.8841652942696772E-002  -2.1686043170038540        4.4071116786819537     
   2.4581845484596698        3.2740546838025875      -0.97648140716920917     
  -1.3907690632415739        3.0531136342594500        2.8230038092538363     
  0.14505426705000135        3.0262265969980700        3.0977409073033466     
  -1.5833023735926381      -0.39825575465994095        1.7813299676985841     
   1.7653822107136341       0.65038386827069217        4.6778770473672626     
  0.48981795044184828        3.0581394365752663        2.1881126982147219     
   3.8108873851485949       0.99058258570452473       -2.0840383605568333     
   1.6651488742409086        1.6550930705454963        4.5534903607689419     
  -1.5321163036879775       0.83500134544093596        6.3516699076493186     
   3.5869390282790747       -2.0645125972473868      -0.17060705368467841     
   2.1437228208287773       -1.3364177261868504      -0.81180473902750105     
  -1.6874983302305391      -0.53599086962615383        4.5734470758488222     
   2.3747543103403372        1.0051556440943554      -0.58945329790086776     
   1.1326291539274467        6.5142407727443139        2.0858755287618607     
   1.3886579691595040       0.85273628202277729       -2.2242448378982487     
   1.5911761347436968       0.24954213243371276        1.7719232704993653     
  0.81668951190572359        2.9021268599623289       -1.3715205172697089     
  -1.7651497590642604      -0.48497209649689149       -1.0209533788353085     
   6.4551452905993782      -0.56522679394335329       -1.3110869499542259     
   1.9391461498755425        2.5292983806654306       -1.2822402864754381     
  -1.7699808805732815      -0.63260331382508883      -0.31520891337848128     
   1.2037592456740489      -0.15994955469339883      -0.28128693281428624     
   1.1514387931724792        1.5730942573572675        2.1142764638653020     
  0.56017381160114577        1.1093358878008162        6.0253353813079515     
  0.75972000779939541       -1.6548319540993377        2.3826434565948214     
   4.4116667830393148E-002   4.6841825819330349        1.5397937181915602     
   2.8451816007392972      -0.53299000584155942       0.36717573830900097     
  -9.4544131695539449E-002  -1.3182899901341676      -0.31104412946940890     
 -0.58489421253442897        1.2991572163520073       0.25409940978379209     
   2.6120384619204784        7.4260407687467000E-002  -2.0914417718926002     
 -0.89411042708495658       0.12979569832925894       -3.0866300187766775     
  0.84088206983309111        4.2006461603773726        1.3995706208683700     
  -2.3496161115495182       0.73908148220136194        1.2805834944064853     
  -1.8009201152349694       -9.7725631872190452E-002   5.4805577765724198     
   1.2106531653327577      -0.39798993938569238       -2.1003702705307381     
   2.7134164002822825       0.19169565557820062        2.1846638879004461     
 -0.16745772545488655      -0.20245997120246501       -1.7339916347850042     
  -1.2353894223461237        4.8472924238888826        1.8195829270224311     
 -0.61273337716699805      -0.90514855999587007        1.4656296378741942     
   2.7179010522032887        8.6082149119409535E-002  0.94111118712226582     
 -0.36465293365050966        5.5738007329269532        3.1825611387999664     
 -0.28294106410050501        1.1901585242116413        2.7689793535436329     
   2.2084005767524744        4.3194104298362319        2.8932423807179402     
  -1.0709415747975211        1.9914268393349170        6.1760895967881577     
   4.5133534140193552       -4.8272511589667465E-002  0.78381867282130491     
   3.8571634352941304        3.8266110916595779        1.3134550812658174     
 -0.35198477315401822        1.6987778659596680       0.84671248548161226     
   1.4192699555365285       0.54560281818195611        1.1452709328307398     
  0.54671666543117192       -2.4798362995045875        3.5242230435397253     
   1.5886620143562225        5.3637275803168309      -0.81594105152581520     
   1.7518008102701426        1.8808053052002291       0.68092121829708074     
  0.43873095873194345       0.90940336459044380       0.58751394410761704     
 -0.41150511963032860        1.5972746224585646       -2.1170492059927510     
 -0.38796771186754775        1.1480751597263552        6.2841183116011230     
  0.62120992113521534      -0.27096781435870332       -1.7972940135811182     
   1.6270918734166964       -1.9380369712069305      -0.67511676103701179     
   2.0284700233065194      -0.49160017632921194       0.14430649538261128     
  0.99855705224871771      -0.88536367434350072       -1.5481192402846475     
  0.12189187542554250       0.44852631767101819        1.2802186208615856     
   1.3132867679930671       -1.7068160650115636       -1.3543074906794452     
  -2.0316480959996617       -1.9133980534458865       -1.5967422353798004     
  0.46141303838626541        1.6119391485073189        1.8938641258321556     
  0.42356368753832718       -2.1637915845983891      -0.31393976190591255     
 -0.65501696270536480       -2.8370577213022186       0.82291104023874195     
 -0.89788430626491134       0.57486040888696199        2.6070666687994950     
   4.1338436195014783       0.74879910509808545      -0.88629846165917037     
  0.42362191599954685       0.29084383289109422       -3.2641254219062352     
   2.7079650247969433       0.64951512944910339        2.7398943180348247     
 -0.59399410826781363      -0.96501769072985066        2.1639271169721552     
  0.91839581253239333       -1.3920165833468524E-003   4.2834824222194765     
  0.28957641563771791        3.1835605379907519      -0.97435577454224120     
 -0.14603743171514547       0.26832688288814149       -2.4291613121631421     
  -1.2250072864717922       0.19522003372099678        1.8557347012783334     
 -0.70401575487965640        2.5802082389487411        2.5835477575789367     
 -0.48136615000852206        3.7045297179353036       0.50868990566959804     
   3.2871834106234799       -2.0624384078873605       -1.0594198585072365     
  0.13181767802966426        4.1889447265758051       0.91772511157975101     
  -2.3223043641889536       0.69125476076984271        2.4156147069029781     
   2.7493651735186710       0.43368352516557279        3.5725057491209786     
  0.28744728707759759        3.9354443488796762       -1.0453141280935403     
  0.26242184955362086      -0.71961226429232883      -0.75898772640067236     
  -2.2126834826422894      -0.92115336393597003       -1.8578516965795264     
  0.29712887602637522       -2.7254467412060546       0.93002974280410322     
 -0.99459622390943769        2.5137104858095589        1.6718801084057031     
 -0.15074238699330705      -0.96267899444996019        4.0543165131398515     
   3.0710629848722841        1.9285893564870185        1.8790988244737847     
  0.15781179366915790        1.2770740123650073        7.1164002579991292     
  0.67648462965901557       -2.7135047711453666        1.8109778667326140     
   3.3940430931098242       0.82756217230964890       0.52759244861184573     
  0.60872159498026701      -0.80691163407469779       -2.1841629082983944     
   2.3162771042644263        1.3527152645718714       -2.1243563923414728     
  0.62061800497436259       -2.0404651190825720        5.2294367274144173     
  0.49682080054029182        3.0379992976324366      -0.35073217049929029     
  -1.8515277859163908       0.41197921658720149        4.1868637543740030     
  -1.1141974949922937       -2.5566935171355096        7.1377696658506781E-002
   4.8646297245111008       -1.7683491674295306        9.3084560427851196E-002
  -1.2908537964146376        3.7459249860120076        4.2493843013298882     
  -1.7761364595254845        1.8698238696423999        4.2840572582061851     
  0.24597980923779178        3.4397013692560061        1.5965760463242498     
  -2.1979622598978557       -1.0055740918812499        1.8292256897752677     
   2.7980507807183885       -2.1239436607056850        3.1655367435608355     
 -0.16376692871643014      -0.32974310664619494      -0.35319820972273086     
   2.5904167523536321        1.7360492999637527       -1.4049853223117941     
   3.1137848398724781      -0.37909117724936620        1.2466647708506020     
   1.8902176038270437      -0.82997371109386830      -0.49852292870730891     
  0.64705096793628702        3.0473926912094007        5.8528945666490788     
   3.8402302243677213       -1.0601568042076670        3.7800789408660305     
   1.4722349031763302        1.6162314938327245      -0.54755001736426046     
   1.5859128497330341        2.2733108540415268      -0.58745507761281024     
  0.64998680794696195        3.7808093321803664       -2.5664352775465908     
  -2.4194753511317022        1.1289729799431425       0.40492654361193536     
  0.29806537443143621        2.7158955100614346        1.4695140734972287     
   4.8406422154887085       0.25605031079146545      -0.98448878147511887     
  -4.4233293879587479E-002  0.51937213493522150        5.8043101401519852     
   2.0263203114662200        2.5609205270749507       0.60688743202763262     
  0.25212588469359049      -0.80144642916874131       -1.6210196380449260     
   3.4377648811028156      -0.38677604739342020       -6.6244563496214368E-002
  -2.2901849208206082        2.0948746948291568       0.25924509732381201     
  0.78673827010264952        3.4321214136168146        1.0780177669282236     
 -0.59603824159167162        1.4609588220058549      -0.41697191690741975     
 -0.88335339319863793      -0.58798929133717870        5.1173223701745334     
  -1.5550794643972674       -1.5660453896791517        1.4840102097577212     
  0.24379784002845137        6.9942514100439140E-002   4.2742939778026070     
   1.4537367978919336        7.9834170096452800E-002   2.4076289655601988     
 -0.27802769147775408       0.93504114312994269       -2.8707616067078612     
   1.7704886519154841        1.8531515999819177       -1.1562446789187413     
  -1.0323116534256844      -0.30356683754693026        1.3680325047132031     
   1.9260621392518460        3.7759380910777431       -2.2530453413118936     
   2.1583697918009124       0.66156724862068272       -1.9527545929588224     
  -1.1637382004590147      -0.37135458755518319      -0.35093301750769190     
   2.6002882743379492       0.89392669175722717        1.8635314941731103     
   2.3457702877876665       0.37408050161517103        6.8625091130390974     
   4.3701006495303174        3.5744252435410413      -0.46082626121827447     
  -1.7222991693250034       -2.1997520159844375        2.0847046201098998     
   1.8096272599582655       0.49744728127807997      -0.90745430933646476     
 -0.34921703975695761       -2.6465669793442799      -0.70228808751777272     
   2.1681440231839186E-003   2.5454490303601780        2.5598045775007838     
  0.55697498586738126        2.4627771400575798      -0.83299416803348691     
 -0.18253571330863627        1.7517121570220346      -0.80534497332928101     
  -2.1535617585262874        1.1865482634753213       -2.1956428366824690     
  -1.1555494915250835      -0.87968258924903409       -1.9649136265472507     
   1.3412062195639252        1.0895903061645067        1.3984529205489533     
 -0.25943796191597918        2.7676937394751828        1.9448069289877437     
   2.1810477910016024        3.2674662349765757       0.51530173091149312     
 -0.60129334691547653      -0.13718216142091239        3.2072225841683708     
 -0.63379484557799370        1.9541243933602024        1.6873685865316779     
  -2.1611814842519288      -0.81664348269767495        3.6212731367404882     
   4.3305965900309342      -0.70831901130028330       -2.1885843417096882     
 -0.24966150944589041       0.67574333972078748        1.8746199408569337     
 -0.54714222289687864       -1.2974954616618084        3.3257877184976263     
   1.9242459950407915        2.4959489700853528        2.7343335174498051     
  -1.6355479065675338        1.4870281090655817      -0.76617970660216383     
   7.5737590656433920        1.0782742561320591       0.14551618722207146     
 -0.95096295248972795        3.1618397116840837        1.9589475413579338     
  0.55398803426752752        2.0704718468155456       0.31094687611029670     
   1.0251858595385612        1.6543415353047697       -1.4142658744126484     
   2.0548110981549592        1.1763646011336704       -1.1786330789316015     
  0.92930496713771205      -0.46749524806682158        1.4138004600684686     
   2.0030356269982588      -0.87418492220253008        1.8223584364570533     
  0.86754851502314012        4.7217464386667274      -0.32053800578081032     
 -0.10200116375964784        2.9594981227064299       0.32068297641598026     
  -1.1773886564431828        7.8531163355559527E-002  0.40942000418659230     
   3.9670422214911052       0.24671465947900778        2.6461169472152912     
   3.0719910178331439E-002   5.9437087866852885       -1.2522210362886650     
   1.0091657125572031       -1.7588164805876312        1.5231324432841777     
  0.24471351096455424        3.5687760733795022       0.36043811256926017     
  -1.6391542487075674       -1.3048155587000294        5.4061246830773850     
   2.2886394368320833       -1.3094273126433471        1.1414966301570078     
   4.2717864705938950       -9.6034153135551845E-002 -0.51823286563718041     
 -0.47023377080769524       0.62991328647973366        1.2651447356882011     
 -0.51757631890812261        4.8606832292471127        8.4268858776475140E-003
  -1.2234819561385326        4.9394340297029737       -1.9415601416435913     
   1.1455351279128909      -0.64915754660479263       0.89536195378581140     
   1.5313874759485107       0.73522628595554462       -1.5042191643277250     
  -1.9446397770932484        2.2157679847650149        2.7109457147280418     
  0.44142642751710265       0.80635121876876537       -6.1008727033610814E-002
  -1.1865230075525210        1.1515198755137532        1.0793540896982412     
 -0.85979550890689682        1.7449733446480140        4.4598608120438126     
 -0.35003395333800402        3.8307797492590265        4.9309331342049969     
 -0.68282025926799184        6.7496800919375657       0.55111096472482857     
   5.6481395849230829        1.9409778652514027      -0.90736586299451538     
   1.5335699317002121       -1.5763209680132084        1.0651464385125735     
  0.44401710779706544       0.37108079513643322       0.36584167939838930     
 -0.24623183859502470        4.0996145614501751      -0.30933326713257830     
   2.1237436490572841       0.24673868505878871        2.6601385982586470     
   2.9108165903411489        2.1262308268073253       -2.4451814887555616     
  0.81130747772806000       -1.1336785720189051        1.1045921853072229     
 -0.64360149474566519        2.5601671728822994        4.3320786015167307     
   1.2579252210197314        6.2514526788729530       -1.3894990449703806     
  0.59744797346942302       -1.3150074947646928        6.3336724025183617     
  0.86611503636159359        1.6475759586393768      -0.80188788814795764     
  0.88455501958219052      -0.86221280353024710      -0.62150757852612581     
  -1.2189676575421791       0.50767885121720446      -0.14442666182472846     
  0.78636519754003620       0.83101636784343746       -1.7938846687103567     
   2.7156171390368296       0.76002811772418699       0.43640189186501210     
   2.1668306268739346       -1.7410336651904783      -0.16692198512599213     
 -0.59861694830914280      -0.35304469845286257       -2.3178494115037562     
   1.6128145001825405        2.8984399292883007       -6.3413354491949098E-002
   3.1887010388716832        2.2375698992128905        2.6879418386420744     
 -0.16978480821910258        4.3480145966591461       -2.2594075552209314     
   2.9332861316444969      -0.39192351712570683        4.0321053673746716     
   2.7593209531130962        2.0828149082477889      -0.27118216976262238     
   1.8479344565024682E-002  0.22658071579313599       -3.8210611421362783E-002
  0.37892800588115133      -0.84115053801674966      -0.10573712675727348     
  -1.0821338277922359        3.6871664424439254       -2.5295907320390634     
   1.1558391609452399       0.64228497401597440        4.0247928564856421     
  0.61330387529212649        1.7728414799331884        4.0766939540244795     
  0.87004521390285516        5.0902762961407984        1.2940356318130255     
  -1.9505325396382687       0.26159217267499590        1.8509812233493943     
  -1.0072365732659485       -1.7149026414257109       -1.3667810513563869     
  -1.0951073541542857        4.1308043403989396      -0.35121908495892579     
  -1.5698364902913680       -1.5102978901682396       -2.5064864807332445     
   3.0519602982967937        2.7772582455257022        1.6637914999793824     
  0.40642678748668842      -0.22299333317888215       0.25147038639525110     
   1.8834188013984552       -2.6132531124605087       -1.3247621426882958     
  -5.7591471228126967E-002   2.1073007923439833        1.9385091573934679     
  0.86915851108781916      -0.63739144591052543       0.28433114669621812     
  0.37997254467143710       0.24209750990399528        7.6065428428942310     
  0.24997321537033290        3.2338998285560425       -1.8648967845953843     
   3.3725640673293134      -0.50958983435391270       -1.5292203994503828     
 -0.63570875001246696       0.85117354943507184      -0.21482875869306470     
   2.6218582813128326        3.1304452891795846        3.3555353403561279     
  0.48966570471647280       -1.3522033190874063       -2.8256373234048340     
   1.0426601510553186      -0.32270919157088224        3.5294694812701186     
 -0.63129210492199550       0.27085906154607381        2.0615825982783598     
  0.42203651865678143       0.75732272539685441        2.9692853075983456     
   1.3051923527566032        2.3993943667550992       0.35177149009345948     
   3.7257992850923545       -1.6520224776131078        2.8909902073856220     
   3.9224244642896449        1.8030359934023219        3.3640186572112705     
  0.54346784127973913        1.2212390964606683       -1.2682908168851639     
 -0.47514540520935572       -1.5599826179738674       -2.7410505254644897     
   2.0867168410062811        1.5255044358239780        6.2063289704676698     
   3.5140442915619925      -0.42085307211280004      -0.74760767965728747     
   3.4650962734887623      -0.16828241914771624        2.0715221572532578     
 -0.59425166771335103        2.3966668186181277       0.20240016360517193     
  0.89703041032946484      -0.80541376796888065        5.1199008342815473     
  0.68249461945193524       0.38699317035286435       -1.2845150185093559     
   4.3721660844269516       0.87535516896777810        2.0523895737979165     
   2.2076547130263262      -0.31207303586349427       -3.0144976781310735     
  -1.7846286069141784       0.62247319769051401       0.69067901593016690     
  0.72931760624217135        6.6211194324115032      -0.28159125793930923     
   1.6693714721453488       0.12226425323107219       -2.2085519408465442     
   3.8462150605861627      -0.87711595846941959        2.0080378635608644     
  -1.0142214377784744      -0.99859864431620649      -0.25928632993643536     
  0.66844518360874550      -0.29756916219939644        5.8820127283756989     
  -1.6722918065194492        4.0851908423830539        2.5576865301013365     
 -0.12625758402545414       0.51901670243619036        2.7408840873335842     
   3.7656392834103136        2.3542579767620961        1.3090759905969154     
  0.78988712299944941        3.5608704884482938        3.5424403910510254     
   3.1358087728675033       0.24949289864071997       -1.5879685837983490     
  -1.1571305383730421       0.27222770331048651        3.2793331654335902     
   4.8303075974094734        1.1270162042947469       -1.3411070859114196     
   1.0256973383690209        5.5821727846247047       -7.3476723103290370E-002
  0.11710745705912805       0.52920785131813508        4.9651031639690872     
   1.0830005918606564        4.4067693090905147        2.1958510014799595     
  0.14040946023063008        5.0196486536351186       0.85599260981439917     
   4.0069157819434098        2.2985832719828121       0.28410891089408968     
  -8.6734252111227941E-002   2.3595223660702573       0.62783145604115753     
  0.44283445535297350      -0.13294401168135059       -2.4238054176182975     
   2.2394913781892858        2.6172722112383719      -0.50682653300678759     
   1.0122722995042972        6.3368885293427164       0.62666568106318832     
 -0.52340032327170738        5.5368802308868119        1.9320535517696413     
  0.99678988656285517        1.1632425142444548E-002  0.29821920751350001     
  0.48869693730290914        4.0425909033921821      -0.29726612897269428     
   4.6565005066127014       0.24750682435738658       -1.7387804358528994E-002
   1.8871801307546821       0.10952282042374961       -1.5031944088542077     
   2.7598410215587035       -1.5871860661759352      -0.45074043472614550     
  -1.1305190306244561      -0.50869764659403005        6.4299215948320843     
 -0.29822824449894042        2.4471134411972764        1.3003092268186851     
   2.1566412321197448        2.7370709437918559        1.4990661229138036     
   2.2017137242396796        1.2576066966087573        2.4904430972314149     
   3.5717636903520185       0.29292987121139902      -0.53120592103307518     
   1.4953807598867388        2.5244410477059209        1.0993007113484858     
   3.6267711855044498        3.1362532805140315       0.42772032664069770     
 -0.69289220879542524        2.2439156471504247       -1.1242611224166175     
 -0.58073042194941826       -1.2575344162685778       -1.9603292762409406     
   2.9714576781171305        3.2178287720474064        1.0162533784619965     
  0.23741977667841985        5.2862504352990998       -6.6144623384498061E-003
  -2.1485561323508384        1.5492693423951664        2.0253723070936149     
 -0.67020254298074178       -1.4514116312104326      -0.18231189021269201     
 -0.65757105287976214        3.8798151833457881        2.9802984866693882     
   1.3077769795427019      -0.74190317402045469        4.3499292820628090     
  0.81182196075976643        2.6680625785315675       0.90255098073127404     
   1.9452769178456728      -0.20064261087665164        2.0859650553601208     
   3.8421535246382303        1.4633623346995226        2.3850331664741233     
   3.4475440218934006        2.3224236222075807       -1.6074838334963670     
   2.3105797911093178      -0.60439756034009251        2.7165239195538491     
   1.6261963056211202        2.3593337909368834        1.8278270251197739     
   1.0730112691246774       -1.8778538314757076      -0.23088815475613106     
  0.30302309163756364       -1.3047805508208663        4.5339349743515482     
   1.4600489056329387        3.0932000375057300       -1.5490355441705630     
  0.82969717431266310        3.6659597398458428        4.7258546631132692     
   2.0280956220971467       0.77368261856093279        1.4479486165554221     
   1.3035596647309271        3.8199279395681058      -0.68784888290066626     
 -0.84190221740125359        1.9295719981744401        3.6415240152471067     
  -2.0870009829109279       -1.2675573514174256        2.6925563339866003     
   2.4889980411858290        1.3668971808739663       0.68876554516741006     
   2.0864350756536849       0.95364815039580186        3.2172424282970224     
   1.1699861467481480       0.77011848398409166        3.3541280093445325     
  0.50641410978935075       0.68284685869494999      -0.71268998969673658     
 -0.57282064796971255        2.1802868492201100      -0.38807889258732148     
 -0.10082051341924876        1.4348304819098701E-002   2.0849659518602661     
   6.0050863989397838       0.85885455775266528        2.0530907328836316     
   5.2461176076986753      -0.80356565410257141       0.48539556082291169     
   1.0779077788638043       0.48203162988320641        5.1135094022909060     
 -0.47500239737344724       -1.2775806323595327        1.0364979202073554     
 -0.55739197787275097       0.80463453620599867        5.2177596117745857     
   1.9620727103473932        4.2351500856530198      -0.52687696583249566     
 -0.92133638288093778       -1.9423031254998384        4.8402320624310962     
  -2.1685628205731367        2.3474721266923040        1.4776983158432455     
   1.6862646667333707        3.0861403691068277      -0.76083776689104898     
 -0.35183725834479190        8.9824924952084141E-003   5.1863355488830187     
   3.4084131453129194        1.1570128139075022        4.0890631663654613     
 -0.58222428242156599        3.9511923811505509        1.9407589215943286     
   1.0485512638334002        1.0373625344252335        4.6234712560149989     
  0.38810900726197378        1.2778353625391594      -0.61027663573162738     
   3.6470550506381811       0.81515523704032311        3.2099598629413801     
  -4.9243305972158265E-002  0.71625262497738040        3.5053234722044433     
   4.4918431184240974        2.4907250685089517      -0.52707045014791287     
 -0.83994869095338320       -1.8050094696640449        1.0524590072003319     
  -2.3057217134741821        2.9737799303458745      -0.21005795779482414     
  -1.4639916245716145        5.8926951282168654        1.1527842460258575     
  -1.2612052476469184      -0.18805885332372554        3.8275438930163155     
  -1.5094739141515634      -0.33811152201376510       -1.6658515096999187     
   1.4163511492151477        3.6591365636227429        2.6991806336297923     
  -1.7515535172501882        2.0736370195166729       -2.2361670390151720     
  0.96510846427668695        3.7381254934685804       -1.5870648974023893     
   4.1330341013201943       0.71002637770779020       0.91979813431830226     
   2.8578186861844266       -2.1779029290488676        1.9297766092032638     
   1.0820748951378765       0.77763939330650456      -0.97452707118783388     
  -1.3916596950121329        1.1181957832266853        3.6863512277788524     
 -0.58476221583463084       -1.6312479068160743        4.0653171679274660     
   3.5734730701609587       -4.5037536734541875E-002   3.4575584790318428     
   1.3515963239386644        2.9184595938287861        2.4006322483852895     
  -1.4107345358129946        2.6695762446584079        1.1478367552644990     
  0.13226322533086821        1.2708785961440192        4.8842847394691011     
  0.13510621466334954        4.6052957138034225      -0.70698842006021245     
   3.1127157380509187      -0.99233053692258177      -0.28762404403331976     
  -1.0976193162201076       -1.1019099440253559        1.0524974548080201     
   1.4093267094991100      -0.40385417519059030       0.44160343832261245     
 -0.43803348269400810      -0.61670940804558139        5.7447891422949837     
  0.97005410857414387       -1.2221042151004375       -4.7464059933612704E-003
   3.0681773527752410       0.18818542138299399       0.28698090151909939     
   1.1576302994694245        1.2982460988606233       0.79653849773509289     
 -0.28936269315601715       -2.4368583923030243       -1.5691107633759172     
 -0.32935644161583394       0.98693708350381404       -1.6543403513413648     
  -1.6689997064235544       -5.3359673370702479E-002  -1.4234804939698033E-002
  -1.4813790428465625       0.71518507228086081       -1.8904032420472512     
 -0.59993969713322326        1.8015301656493765        2.4692603519706071     
   1.3576711205397891        2.2679149075558045       -1.8268565739574658     
 -0.13143214444726101        2.3983170635574931      -0.84361477829160547     
   2.9701937218228780       -1.8014297166305206       0.99488909842164608     
   1.0656723111618239E-002  -2.8153932935882189       0.13254746639006354     
 -0.46543340701373231        3.3265531106097539        1.4536807139011463     
   1.6893366770893057      -0.77293873036368055        7.0185138728876790     
   3.9564387142069068        1.3174560290641093E-002  -1.3289520254944100     
 -0.47551173774889849       -1.5682756081585552        5.6869817483974225     
  -1.9045480768108920       0.12676635227814850        3.2805668825531962     
   4.7876976349468059      -0.21594784008100529        3.1288429504368702     
  -1.6754609413051935        1.6068654663401618        2.9818164718796600E-002
  0.26704284932284855        5.8870261712676601        1.3904854760957146     
  0.56679778377494583       -6.1009841741617957E-002  0.85504993357414860     
   5.8398269120109543      -0.61375366237066475        2.3903930309996539     
   1.0571510899482328        1.9092564090450861       0.75059718001751630     
   3.3902024059618010       0.77613673998717481       -1.1364473458889579     
  -1.0612639352032707       0.50797651920697728        3.9008054358897897     
 -0.84954482736572967       -8.6001950142335415E-002   2.5667878831415281     
  0.80090523601155783        8.1128049598579347E-002 -0.73377297814634346     
  -1.9010700373196590        2.1786603602148293      -0.50766791200799122     
  -1.2965505561191513       -2.5665963020122700       -1.2201200192266153     
 -0.48727837883573455        3.0245807559908355       -1.2035227115817231     
   3.4776803993138476        1.5876331569448408       0.24494441263094888     
  -1.4205818671648329       -1.1320527438778740       -1.3666914582100984     
  -2.5103236474266848      -0.49141116058682222      -0.17932750813170720     
   1.0267764037393001        1.6293477487233932       -2.1703684009999100     
   2.0316748429869156        4.1379813336362412       0.36074986930971020     
 -0.89092748927217047       -1.3067152658416274      -0.82709939774619579     
   4.8131290734026688       0.80979812117956784       0.49621516212225275     
  -1.5107428027758110        2.6733449842833803        3.6227551736848698     
 -0.53881420177575012       0.34447241519488958       -1.8304851651973022     
  -1.3350231404735144        2.5227927222906397        5.1272518820802562     
 -0.98055720577766359        1.1627840722856588      -0.89557843680569338     
 -0.39450115872076630       0.35643009256859526      -0.50383873863937745     
   1.9427117786864179       -2.4601628490560645        2.1454811069172832     
  -1.0777456176735460        1.3252258009642828       -2.0158481094503635     
   2.3300870090564083      -0.59039552636297954        4.6924048636088429     
  -2.2303110288442332       0.82124362007130669       -1.1794494736447743     
 -0.84483487194125539       -1.0988881289978425       0.43356357173769516     
  -2.1122711269117551        3.0624092533898977       0.85688866077449910     
  -2.4243211677902998        1.4648398068200670      -0.41301296237327045     
   3.0751945079827014       -1.1239882445705618        2.4372099174774391     
  -1.2898742241431116       -1.1932797319552566        2.9620649995649719     
   4.0687635777059938       -1.2829041806263424       -4.7862912826062531E-002
  -1.1955626508328723        8.6401566087414935E-002  -2.2660534226761384     
  -3.4360609786421588E-002  -1.9599838428417469       0.60858773978783709     
  0.31918858691758373        5.4684201017407297       -2.1065155869376189     
   2.9802724499755167       -1.5629891716177109        4.3836217820373635     
  0.54964394152097751       -1.3804531519136116      -0.47219108315481662     
  0.44767332221548173       -1.8585864458905532       -1.4662236163477340     
 -0.99055310911594008      -0.87342783060094586       -3.0492034612221555     
  -1.1934948520877462      -0.53153313662199142       0.74620149996034957     
   2.3147936175953894      -0.48943305583221608       0.76566110464119297     
 -0.10879241969747028       0.29291074399479844       0.65487959869637802     
 -0.68894738446166892       -1.7612781449280741       0.38565255315172409     
   3.3590601592906251       0.62059999024502821        2.1897578294641469     
  0.25209424203252057        1.8974130259375535      -0.36706403736148630     
  0.97433038071469558        1.8703471877033093      -0.19276884772199662     
   3.9358028693261886       0.29547389390937112        1.6733448365136980     
   1.4022505546953457        2.9579715410972667        3.4009418230475723     
  -1.3868694590065727        2.9080599571067980       0.30219404764524460     
   5.9192795756357031      -0.75078107223974067      -0.12331696375791945     
  0.47584741487697529        2.1381023930809957       0.96129655012614978     
  0.97956506350634398        3.4958211717262020        1.9522434098310846     
  0.42176927855405905        1.8854896476660501       -1.1788268338014716     
  0.42893437230135834      -0.63191417326272192       0.94764188681211914     
 -0.83587623566213631      -0.51203265099797657       0.25483513458837159     
  0.12260522883590662        3.1756556916299274       0.91022054335106173     
 -0.98509449237004376       0.16834030379436327        4.6403887647627728     
   1.3774648162867427        4.2041835888948444       -5.8108868683297982E-002
  -1.0096949707451830       0.43750264236620096       0.93836211338579045     
  -7.1846355878442000E-002   1.3765364087735170      -0.22088672259414352     
   2.6201993144029334        2.8386560520540627       0.15311316968552005     
   5.3875558745841996       -5.7406011577664950E-002 -0.39900473373029310     
   2.2962514923340014       -1.4524828100148084        2.3311678329939767     
   4.9859796975029615        1.7905459118388665        1.9113991804211614E-002
  0.55003624637551052       0.99537569863074526        3.6321065274113793     
   4.5033635969773460        2.0974447386416708       -1.4891695609691222     
  -1.6517363850714282      -0.71144127985562566        1.1875462115498174     
   3.9411454945978401       -1.8524626987790009       0.73700228825264502     
 -0.82405823758948082        4.6454385727342915        3.7481323195292635     
  0.49943944202522800        4.7730965844156676        4.0937006668508564     
  -1.3812427116361785       -1.4370561336239518        1.2631397902060519E-002
  -8.0374308286884133E-002   3.6489944422867842        3.6028572795706291     
   1.8870666513912875       -1.6560020715012187        1.6876006340163050     
   3.4900290308707889       0.10053723464983569       -2.4309495744548957     
  0.15739071464278723        9.6716582336857135E-002 -0.66356571207404813     
 -0.28049193409483236       -2.0242354340182809      -0.20865942934998066     
   4.1855952148028654        2.8127926783400898        2.4685574119895382     
  -9.4391932174998847E-002   1.2152090088646954       -1.1237681442109735     
   1.6594741652462346        1.0022461004833576      -0.45819791869727333     
 -0.49879208161380667       -2.3363206622957445E-003   1.4131006632555418     
   6.2881984119541809E-003   2.9988106825826293       -2.8470571718563842     
 -0.75060989288945990        4.3085030307918384       -1.1254581667230859     
   2.0311103400347728      -0.48634304482450619       -2.0279391136424869     
  -1.3685396028059986      -0.47002090735199825        3.0875590214202435     
   1.3540348663600683       0.50882746766585374      -0.24960083911238296     
   1.3668868745998268       -1.3451309188664125        3.6501296641801781     
   4.8718486425632603        1.1937544002583913        1.2914984161988752     
 -0.34276809088355575      -0.74451557145347946       0.73290907831210894     
 -0.82799794781496516       0.20954270764373689        5.8920859673126857     
   4.9490614318613551      -0.66665869691283575        1.3911079734935670     
   3.8998724712450059       0.26077500832126599       0.28383686788512985     
   3.1044460715434212        1.6393855333020635       0.85333925474567363     
   4.4787566474985576      -0.17703773955162236        2.0289434120761296     
   1.3213301782159261        1.2576539311983224        5.3742499931552397     
  0.82500302025357475        1.5487496675232408        1.3273965366972511     
   2.0225345834270931        2.9564717806161243        4.5412030986549103     
   6.1146077163063133E-002  -1.5364428961827505        3.5883147295353242     
  0.64505512972163925        2.4940449996303928        3.6595603490683994     
  -1.5223305558007918       0.17220702609990307        2.6368799476053968     
   3.0032021500926636        2.3242599243359030        3.9851738197803623     
   1.1654301240117784       -2.5652456534031529        1.0794637831246825     
 -0.70354815287473260       0.44018363212311640       0.42886093115021107     
  -5.8259177910966430E-002  -2.3707146796544092        2.2630680063045920     
  0.10894113634057541       -1.7177135517557915        2.8674616967311977     
 -0.89561808739030047       0.91953146275725128        4.5272479744270484     
   2.6963077483925533       0.75574455066355062        1.1611410206004718     
  -1.2135561579736889       -1.4428976140810053        2.2929976275287736     
 -0.14941353856305500        1.9162547442782822       -1.4821492335142266     
   4.8703461969096029       0.36547084893143328        1.3709527303618090     
   6.1624976002762503E-002   2.5499294754338848      -0.22535710280577848     
 -0.71871805749998741      -0.51955981759074987        4.2722560762395769     
   1.8166310432116308       0.56504520823269100        3.8949351212460037     
   5.4656936665753202       0.95876971397145316      -0.18726408555257390     
 -0.49999037032392135       -1.9076887603679376      -0.89531515217644653     
  -1.3456738163134663        1.9934392751324832        1.2327039185214532     
   1.0867410387322409        4.4667404587637387       -1.0555116369940871     
  -1.0413300777860495       0.94762341410422679       0.26527293738476143     
  -1.7432175390417097       0.85996526570893239        2.7332396507637829E-002
   1.8989176389533342        4.9650511862747093        6.6183440983670844E-003
   2.0291651684348895        7.7132760587068375E-002   1.0020010850347263     
   2.8186860987236573      -0.45689002145630492        2.0389344898729798     
  0.98490049191078777        2.8049563038857057        1.6299319775117553     
   1.7758815109431954       -2.6434859418991756        4.6762067527930266E-002
   1.6181554458567100        1.0216059351617934       0.41746080190876816     
   9.6416971330180193E-002  -1.3853037574287570       -2.0911527636899465     
   1.6243803152274967      -0.17118048201158370        4.9660652879603253     
  -2.4116508831553536       0.50874522339465567      -0.30979003433918306     
   1.8924332924544911        8.0844726584301335E-002 -0.33379687762563698     
   4.0409049587885306      -0.77556707940717129       -1.1133993741505399     
 -0.46358456755136468       0.73638432970673551       -1.0696270520696269     
  0.63197190854283691       0.53444401239885320       -2.3300601156268170     
   2.9263456813194675      -0.17173132556984716        2.9802377314099004     
  0.93625573253234939       0.27573086041721695        2.0087086008839963     
   2.4315906063466404       0.31964398963652152      -0.62206656456863629     
 -0.87229316724138450      -0.76673915571480955        3.5972652842065367     
   2.1191328275642416      -0.77343632290252906       -1.3526682186256618     
  0.12862277320213783       -1.8418346182934451      -0.84160429859941455     
  -1.0938479831288426       -2.0327871601844585        2.8355643320622783     
   2.9676837394680793        9.1829116205834366E-002 -0.91659954742220606     
  0.39402808884951485        1.5439576836144464       -1.8382745207328293     
   7.7415466297540120E-002   3.0015455989780815        4.1465509348872072     
  -1.1525501271983940       -1.1187991964505590        4.3620782063974275     
   1.1600378774278364        1.8885346747286389        6.7013069598756925     
   3.9401742858997042      -0.34120929125915422        1.2717078709034597     
  0.60238921085783514        2.2939905763086856        2.2087151645499534     
   2.4828996216490591      -0.48988155869978123        5.8055782045286524     
   2.8146514139343770        2.3286291825010430       -1.0583698936425940     
   1.2752303198345449       -1.0754877949322117        1.7529481423339746     
  -1.1279228078259107        2.8296634348610153E-003  -1.1896203077531033     
   1.1487496157157746       -2.7415967654372722      -0.60376862979217905     
   1.0153063988677948       -2.4370601568053729        2.5981262216746712     
   4.3025966443599586       0.45227358798785855        3.9408009607832826     
   3.1014702971424950      -0.89839505193202263       -2.4283367993836578     
  -1.1818105715395710        3.6642362394791341       -1.3399680952027011     
  0.82376175594122358        1.7782308384596011        4.8107387876217915     
  -1.4703974383111771        4.3285859700026865        1.1292767603045721     
   2.5125906000844753       0.36994053482492056        4.3594092771237429     
   2.5971645389105338      -0.73235059428039240      -0.73980671881917726     
   6.3795339022459592      -0.30821793079592075        1.1424219386086070     
  -1.1417957661816081        2.8433253246014067       -1.7436272815840195     
   5.8105326348127795        1.6571732954098086       0.86407968283316972     
  -2.0655888202251491        1.5433556562652033        1.1920308744937342     
  0.29172459849016313       -1.6246015364224877        8.1866300102582890E-002
  0.14337677621474615        6.1130855690968877       0.36565272931449638     
 -0.28905387834249285        1.3360632913697752        1.9805829319244259     
   1.6043408092894020        1.3891492618058814       -1.8058347707809639     
 -0.67166015861292516        1.5398610153750945       -1.3125205280066774     
   5.2001776130133806      -0.52664102519587930       -1.4657946194255824     
   1.6968560837023057      -0.61239138020776873        3.4311413621405520     
  0.97210369476456737       0.83967861999933580        2.4730398648566987     
  0.44017067001783244       -2.1295897717098060       -2.4473068758517065     
   1.7573870979923671        5.6482394474030571       0.84616516668316299     
   5.5508918393491058        8.4466790934572586E-002  0.59216415462495431     
  0.13000446881492592        2.2314504535872848       -2.1647711344021618     
   2.6683708722108608        4.4867898188024569       -1.2970164254363725     
  -2.1574585746004318        2.8767071605526646       -1.3327894617474778     
   2.9652044048573649        2.3886556551758358       0.96548824758249807     
  -1.4092102555416102       -1.5271869010511048       0.67620325441215889     
  -2.3808200282448615       -1.6911269628130994       0.93937823044674895     
   1.3569446907355556        5.8909218221223823E-002  -1.0435567415199116     
 -0.42058003725982840       -1.1410607130913164        4.8283889914585432     
   1.6649519052880790        2.5617896522082018        5.5424822382336938     
 -0.89124916797789877       -2.6163021583950457        1.8835771095805725     
   1.5547282265787683       -1.0213054800505479       -1.9159465322428924     
 -0.29862490184458157        1.9941188018296678       -3.0175703719290401     
  0.66007113087053049       0.19139646097412827        6.6015438020054793     
 -0.69717699019103163      -0.73792543795754950        2.8071866534565695     
   2.6291698850333529        1.4096911647762782        1.4277505360628593     
 -0.72665411960700788        6.4715510532551784E-002 -0.11890360742183347     
   1.0604195644039902       -2.4277643273716332       -1.7869257570294652     
 -0.39735135880530564       -1.1043669079261917        6.7835061679364896     
   2.0993814975096741      -0.98453158834230492        4.0156311546863463     
 -0.16720362046253170       0.76799150798777771       0.19187375953713157     
  -1.5174376490761781      -0.86745769067837974       0.29797115131698942     
   1.4011642475277504        1.5712357858520485       0.14307272387329009     
 -0.30718716514032385       -3.4357457206301886E-002   3.9297384214202813     
  -2.0578604711990125        1.3577217955469296        3.2461936236455693     
   1.7453564452539672       -1.8449690022524967       0.41868095978045272     
  0.20398554852459252        4.5049414523370395        2.9109927875927344     
 -0.20714159852147646        2.6853602164489656        5.1663102056390278     
  0.24340548283868771       -1.0289526989768323        5.4840216776524207     
  0.75770059185283378      -0.41564920521001142       -1.0785486525988262     
 -0.40796579645881831      -0.84492066145147970       -3.7128434056785418E-002
   1.9769379384677919       0.60112107384997304       -2.8477068856721455     
  0.12290067082440145       -1.1722217177645200       -1.1179011920169006     
   4.7301401680911948       0.96382085098675652        3.0275472321387387     
  0.84005884904235584        2.5147517778010156      -0.12778041554738642     
 -0.60353320826524459        2.8079216819436073        3.5212579153018218     
   8.9215902214310500E-002  0.94429493541786114       -2.1605563836211386     
   3.9329911390941419        1.5600063492043108        1.3994902281197759     
  0.71457298822107818        2.6687735907162629        4.6058775801472622     
   1.4521919811695823       -1.4979237209002036        2.3432706084116592     
  0.62181911988709238       0.31345322394682656        3.6272027473779405     
   2.4292017922229068        2.9899982584619007       -1.7771488952675869     
   2.1678490832254038        3.4326001316218973      -0.22627601290078442     
   1.9421102591605168       -2.0213073512087187        4.0729009855677285     
   1.7844320028023259        3.8793453406049756        4.0206507354687258     
   2.8083401624314401        3.7572838543130751       0.30759766813650097     
   2.1117196782143450        3.2924353922392111        2.0951940353377898     
   3.1166358719375289        3.7694368696385498      -0.55297778099657713     
   3.0594745672255521       0.77024979325546150        5.1242043445082288     
  -1.5755371040580735       -1.8009539677823616        3.7059279695710790     
   2.0082652573458715       -1.2463548105821383        3.0786503426801515     
  -2.2043291576109669      -0.77628834998097129       0.70556530505540105     
  0.82914229718068067        2.2598843530927493       -2.8523650365187567     
   2.8316814574382065       -1.0050367641093307        3.3505132655055836     
   3.3348175582336945       0.97400414921800327        1.2248779262046279     
  0.58521264418464858        3.6825987678542909        2.6735952096964364     
   1.9458841753217326        1.4535337534749628        1.6406014729165341     
  0.80526088990392697      -0.55338439628262082       -2.9445016229410257     
 -0.18732979570640246      -0.49456615177979329       -1.1504693965391055     
 -0.90705729757366094        1.3206220734775405        7.3097403155517293     
 -0.89225069401161294        4.3703000302474546       0.46526254356893304     
  -1.1564848194682862        2.0923601281307134        2.9841632386353716     
   1.4969908859684939       -1.0542394005587974       -1.0877458420395818     
 -0.21374700203863065        3.3650790840913261        2.2172999032792657     
  0.25604516400132321      -0.17892489168388911        1.4901201408900746     
  -2.2298261868246101       0.18220137097274497       -2.1008375030195037     
   1.9921252178261335       -2.3204884252254518        1.0693275497265731     
  -1.1802599249095174        3.5862059819217320       0.61441205442917168     
   1.1580952242924951        5.2380643715596591        3.0759392211291159     
  0.14037965213902079        2.6156586036344116       -1.4095991498999232     
   2.0845484807094659E-002   1.3775585857673347        4.0629897757406290     
  0.75972457498266188        1.5159212565038109        2.6972836604638997     
   1.6218559492558053       -1.3215921343725083       -6.1448902479609116E-002
  -1.4412084293758300        1.4926331707357661        2.5986304757925849     
 -0.27976093557429610        1.8978578769467307       0.15884773549943659     
   1.2444045092924674      -0.42366353866252665        1.9184622468995811     
   1.9605106896610225        6.2644761329899321      -0.31603915478900579     
  0.82305475969013586        3.9731359135946729       0.43010107372214706     
  -1.8458588996261136       -2.1615000384342498       0.24029808399533031     
   4.5050578374675965       -1.6800707089681579      -0.92584258394155849     
   2.1043368761845156      -0.26863666178245982      -0.94782497491551143     
   1.1325361090143506      -0.45810242802206314        2.8634888061172639     
   2.9702630813752937E-002   1.3988422901050117       0.41199572783247573     
   4.7535336230679262       0.42048226062058802       -2.2115840131141651     
   3.5286687217716675      -0.46216740698726222       0.64903142196441088     
  0.43904891846331440       0.78224717259611087        4.3274353399315206     
  -1.7035484355907855       0.31078309467908616       -1.3189115224091539     
   2.7279866081234929       -2.4480098331598592       0.28649482140011751     
  -1.1786012737286991      -0.92437258095077712        1.7394560828322685     
 -0.15111535485667857        2.3364689586084189        6.5238588908694020     
   5.4352832955710674E-002 -0.65365086715212839        2.0633330104625585     
  0.41518402572811602       -1.7934909759954858        1.0767129836009384     
  0.52979690853563643      -0.59528285033664907        4.3834363154722640     
  0.14963362349831744      -0.69366840288292153       0.41839875347667471     
  0.76613583374664929       0.87402414640103687        1.1727092060315454     
 -0.29373155235955906       0.64217144610273902        4.2821461266438234     
 -0.83582226344035926      -0.31359973888676063       -1.6661189272717074     
   2.4459568641250371      -0.92779120526237824      -0.10122389225741121     
   1.1951326306445615        3.4366058899010254       -3.9460879383324002E-002
  -2.4200894485651330       -2.1244794840067803E-003  -1.0359664052166122     
   1.4547926705926135       -1.2292353275320296       -2.9476961374405510     
   4.8433905239297387E-002   1.4190677770127473        3.3214019242009623     
 -0.63576921142745035        5.1278509086525430       0.82223360081856034     
   2.3728251872812081        1.1546439913828661        4.0454194152938898     
   4.7751251696796864      -0.77262838425362756      -0.36390642324059963     
  0.28224625194013220       0.99403143414841755        1.5589244457459410     
 -0.17438443098780859      -0.30796443564230724        2.6477612449980881     
  0.57622460163387845       -1.0216544844176849        2.9715778662105246     
   2.4440673000805866        2.3715007153529006        2.0997037982496622     
   2.3617855781671282       0.11596001453509902        1.6119212132287579     
   1.4771685934312553      -0.48048184862908350      -0.78847669324486391     
   1.0025590659342862       0.88361442384721256       0.19159972280714432     
  0.46385958945333039       -2.8043002615892432E-002   5.1155931287079603     
  0.83975197209720243       0.95791353995163842        1.7654350507924796     
  -4.2071155279527532E-002 -0.21566973843521570       0.86066589919786030     
  -1.6653160675242857       0.13277579608131976      -0.66738379544917492     
   4.2213660053428477        1.5246771945052129       0.52638129855437421     
  0.30732902100726189        1.4966376602415750       -2.5245295757050665     
   1.1631779750247107        2.2386662511239992       -1.1529870864871670     
   3.2692476701322946        3.8307070506754894        2.4518302786332251     
   2.3481541054614521        1.7060611313126937      -0.77428492251952741     
  -5.8674129554029619E-002 -0.98088647944746421        2.8076283484154838     
  -1.5269021577694362        5.6710858996969709      -0.83226706220298319     
   1.5988723310780943      -0.81796897742885777        2.3722818930166514     
   1.9735881381679063        2.0715680101935554       -4.2294482222459177E-002
   2.9234942554537260       0.91556522487309222       -2.6275854947360480     
   1.6546913836261457      -0.34770354344694310        1.4325714028661887     
   1.7858986606023812        1.6807982951508018       -2.9489065733568744     
  0.40010858337109700       -2.6161928942994708       -1.1101502889667676     
   1.8947273851011619        1.8374727947719709        2.2196369291889861     
   1.5465931237024493        5.0197067375031525E-002   3.1844473054553890     
  -1.3113928823938856      -0.59162970118973401        2.3655428377602199     
  -2.2880539574533163      -0.29236482651240026        1.4131333839585101     
   4.6415078240589329       -1.5415156308255480        1.2090844916833750     
   3.4863524368037511        1.0766757408751955      -0.44320790508333147     
 -0.53113079318018153        4.6217704374626676        2.4849234773312951     
  0.99269097450141419        1.0807878880517863      -0.41894471033120545     
  0.22009845911273290       -1.2302188687449831        2.2078892076035186     
  0.19938547119589128       -1.1624833116215396       0.95580558448496167     
 -0.92229908980357245        1.3991783972333318        3.0405980652970936     
  -1.6787546495902548      -0.48037383256421584       -2.4369831714885879     
  -1.2345166319080778        2.0694484133134603        2.2207903326235203     
 -0.62046050497023986       0.98523891598150160       0.74877667892067024     
   3.7069934498635044       -1.7942955533014067        1.8400834337426193     
 -0.65210645695697145      -0.32352047330253081      -0.72722763445766125     
   1.7303022744273069      -0.82844412016361657        1.0257489550663357     
 -0.97611426268333268       -1.9497383272316773      -0.44373421575009053     
   3.6097939704771083      -0.27280787904020992        4.8436194266554038     
   2.0326566330197120        5.1829315146044133        2.0318762709105154     
 -0.47999589930532832       0.10456567097647773       -1.1915776809230796     
  -2.0167091325374189        3.9992744269170122       0.14938767121314184     
   2.6853795373943741      -0.39018124887978517       -1.3842190121683260     
 -0.96815782563760211       0.65021870211165456       -1.4126198689102158     
  -1.9261927297618431       -2.1683242933841416      -0.60320419059508823     
   1.8407584363593017        1.2822785546939750       0.97475483423301024     
  -1.3477760377619528E-002   1.1174600557307497        1.0528047087691628     
   3.2378504850431589        2.9198127990793536      -0.51459315725820487     
  0.91140950951413502       0.25983458360025924        2.9468207781181581     
   2.5711191799530297      -0.20090936999603790      -0.22042639093207766     
   2.9566520060375159        4.7370853727835716      -0.21644962571930831     
  -1.5098264272211268        3.3847888872818692      -0.65890312435123499     
   4.2138604438955891        1.5834469667007500      -0.39650592224143522     
  -1.8304683590359432        3.1766021112278859        1.9886230128009399     
 -0.98150663563351814       0.39616628220083427      -0.75252771401528551     
  0.10173724428312163        1.6800039876818205        2.4765139491041941     
 -0.72388258783325055      -0.35468215380475293        1.9320585290209711     
   3.1065503265797356       0.31753492121728666        1.5572471344328516     
   2.0688663128592046        1.9718023129239663        3.7774246436790180     
  0.91586319101366342      -0.85761950751383709        2.3391734356062264     
   2.0765159325525975        1.8063103114027357        2.9743024857629767     
  0.89918993143455528        2.1178128488102912        1.5730818093602097     
  0.83288242217870678       -1.4593774941753592       -1.8575297205147621     
   1.8358218434082665      -0.14303035434278891        4.1865486218658372     
   1.6685918148428061        4.7679636699187800        1.0213186744978469     
  0.35710775840979159       0.44570284826729545        1.8784921856589913     
   2.8590227931740939        1.4108314266004836       -1.3599774605837153E-002
   4.8014618173759107       -1.3211717494843831        2.4239536768054570     
   1.3490724721686285       -1.1114358948555816       0.49311318026809570     
  0.52958104482312485      -0.25077333253908807        2.1330962877117265     
  0.61580548322934947       -1.0341213738106847        1.7489288859859000     
   3.7664430427243993       -1.4441912282050331       -1.6685698245236991     
  -1.3187922815665376        1.9598315829375241       -1.4492823934231955     
 -0.70749644646340859        3.5909590668084976      -0.76613493646509390     
  -4.5703485567675881E-002 -0.51427188997274298        4.7461556545121102     
  -1.5375277872221700       -2.3106490392181849        1.0063781446262767     
  -3.9391440794173629E-002   1.9986341660632689        4.5376390162602585     
   1.5071315065213702      -0.41542475780233373       -1.4284550776343823     
   1.6411135309352891       0.75830572392300177        2.7282434951323813     
   3.4861135581469855       0.29270272343181114       0.93953824123386998     
 -0.25672994976820140        7.1610059939523865        2.0754976306312956     
   1.0033711116159953       -1.7697085611231873       0.44507277735710510     
  -6.0886151959645772E-002  -1.2503677533896156        1.5531219965393208     
   1.7611022619650825        2.7013707951568304       -2.6066863759328762     
 -0.10245952504955996        3.3912633803297072      -0.26880009947714051     
 -0.42890518022675478       -2.4899050783296253        3.1235552932089559     
  -1.2112507805204535        2.5831783167804088      -0.33110079454221197     
 -0.85513285551887641        1.1517241188946519        2.3062140959460957     
  -1.5629310617890608       0.76807476406208264        1.5147852877974339     
  0.77733067144271462        2.6755826435113463        2.8625846177355037     
   1.4889204139113690        1.3424741833301685        3.7116009423202181     
 -0.72354938655346912        2.1060127380004001       -1.8247576614452641     
  -6.5494780417610782E-002 -0.66438511306773562        1.3477219516446934     
  -1.0319765234378644        2.3442892510041000       -2.6106017250628781     
  -1.0819555265083729        1.8967337597613538      -0.73691484416563047     
  -1.5516629024127282       0.13083888592421025        1.1916171575399588     
  0.23254805513725016       -8.9206680410756814E-002  -1.2683741361328034     
   3.2640734213887050       -1.0983182653326939      -0.97317078338715601     
 -0.25609931951029374      -0.22731626258301241       0.28203732983158614     
   3.2314789440110121        2.3543237655238656       0.23790603854524137     
 -0.52014796472506653        1.2808601492484921        1.3819378252292585     
  -2.5461464135543745       0.12277631568710254       0.48147420928748969     
   2.2719250752936615       -1.2867810997366267       -2.1646781250926965     
  0.82208528973017103       0.26138881672797520        1.2858260597705478     
   1.6961355196216503       0.19149948907326941       0.34391301691918469     
   1.2718346693212768        2.2369293136052786        3.9905737752797079     
  -1.5300247915447203       -1.3490792218784020      -0.63416648056172875     
  0.45121252150463925        1.9986579477408664        5.5645262888951059     
   1.2045315518199127       -1.3715046051466173      -0.60303354424783218     
  0.34341906134683975       0.20989907934071583        2.4882373190969242     
