   2.6563184984951249E-010
   3.1371001352198391E-009
   6.7393430835949175E-009
   1.4911040846499191E-008
   3.4460779563261212E-008
   6.3464790311940078E-008
   9.5929073573586265E-008
   1.5024501109905941E-007
   1.0866410082854827E-007
   3.6847002604645240E-007
   6.8085165683129389E-007
   4.2279508871700955E-007
   5.1120296795659215E-007
   1.8172688154294292E-006
   9.4914147918956360E-007
   2.8031868231082058E-006
   1.3679411035028011E-006
   2.3375238855649627E-006
   7.1443164699758199E-006
   3.6553892925894615E-006
   9.0450749326009827E-006
   7.9516502511367548E-006
   5.4412068815068437E-006
   2.1484980753605498E-005
   9.1917233469018811E-006
   4.8610513744051786E-005
   1.2387443750760951E-005
   2.4900188633658615E-005
   1.5389349737660041E-005
   2.3069187141011582E-005
   4.9568908322861205E-005
   3.9278960648481132E-005
   3.2373821113651502E-005
   1.6414402119568905E-004
   4.7541851390775491E-005
   1.1133491364301307E-004
   5.3038575845931746E-005
   9.2360920302958505E-005
   1.1352986519064245E-004
   1.0677454227803196E-004
   9.7646555494712572E-005
   3.1732068222911636E-004
   1.6496940059074205E-004
   3.3752512462204010E-004
   1.8036302477408839E-004
   2.0990085560779193E-004
   2.9002071582073796E-004
   2.8535477945901278E-004
   3.6801167463629270E-004
   3.0279509471675681E-004
   5.3903451406611680E-004
   4.0046901825618875E-004
   9.0651638229211073E-004
   7.8088916089491534E-004
   7.2932197957520373E-004
   7.7568504866043497E-004
   5.5680344570241402E-004
   1.0715264703460292E-003
   6.3564822667849796E-004
   1.0152946791652795E-003
   9.1862980010937179E-004
   1.9307394755685436E-003
   1.2103241669674247E-003
   2.9669685691597891E-003
   2.2093240937710590E-003
   1.6127544060235977E-003
   2.1586179857351340E-003
   2.1025680724751084E-003
   1.8605311460255791E-003
   2.2157081454778904E-003
   2.9574146825268599E-003
   2.2906812242275976E-003
   5.1681156312444188E-003
   5.9486737561798009E-003
   3.6280145660452234E-003
   3.3840160555627108E-003
   4.2050369491803963E-003
   5.6997868841044408E-003
   6.9777382677251865E-003
   7.8318971336717169E-003
   9.4227835917717329E-003
   4.7658621371144960E-003
   4.5622073391928808E-003
   5.5835953307070696E-003
   5.8820803395214227E-003
   1.3491873935944199E-002
   7.8015498016679174E-003
   1.4500790982447498E-002
   1.0382123777269214E-002
   2.1319025944670500E-002
   1.6929528394266313E-002
   1.4648718536671268E-002
   2.5860031270532602E-002
   1.6024158637888419E-002
   1.6241877932635873E-002
   1.9840161840768644E-002
   1.6221621596498537E-002
   1.4026736549501706E-002
   1.8088542030886501E-002
   2.4949168796833732E-002
   3.4972162707205712E-002
   3.2480316935643572E-002
   2.1321551249478432E-002
   4.8418165699517957E-002
   5.6130143511934349E-002
   5.0240169493383391E-002
   4.5360247967154876E-002
   6.6586394901289481E-002
   7.4311039804683787E-002
   3.5079848976826256E-002
   5.7489815876252237E-002
   5.9583481155010887E-002
   4.9254542572665372E-002
   7.4961653587486410E-002
   6.9568811544426623E-002
   6.8608915512539781E-002
   6.3927003311221142E-002
   5.5096770131108030E-002
   6.6075367752700842E-002
   8.1555706046547272E-002
   9.7468556488589542E-002
  0.10125983109760028     
  0.16266841467263760     
  0.11928571236565944     
   8.4060023119224780E-002
  0.15737726511885874     
  0.21524215377385403     
  0.14032718433496250     
  0.13558840141607575     
  0.13143903435343596     
  0.13404438905079985     
  0.13883261231773680     
  0.19179389921187529     
  0.19574095924941481     
  0.20862211542820219     
  0.11381522738698457     
  0.16170749145815932     
  0.19441847938770351     
  0.20661652838740352     
  0.25503224992681872     
  0.18838353735066526     
  0.21328771920581246     
  0.28082713240856449     
  0.26729691454719529     
  0.32179506265656954     
  0.34017514103864599     
  0.34770637944880001     
  0.31743222119509440     
  0.32192742908011951     
  0.27516455300349918     
  0.43820229999857929     
  0.46241453617191475     
  0.48103876928360201     
  0.45381201421126249     
  0.44118546807025893     
  0.47094691631725283     
  0.49416347964697671     
  0.51721751424645390     
  0.40379555943562728     
  0.40491946381972888     
  0.41071386549112532     
  0.41261974597699158     
  0.42449632903696077     
  0.44693564934397578     
  0.51216662967727800     
  0.53035146134917532     
  0.54542027652364311     
  0.58117341242687637     
  0.64695366312999170     
  0.62454134750478119     
  0.62084051376762694     
  0.55159129650593997     
  0.51195360976482007     
  0.57141492133089500     
  0.60443574197228678     
  0.60041697993389320     
  0.60001699412817011     
  0.57487786140805319     
  0.61299600493181572     
  0.60953796022973528     
  0.63546834105589234     
  0.64877516853895401     
  0.65411785164740088     
  0.68544878638803297     
  0.73127360554928700     
  0.70900919877080604     
  0.71459161868550325     
  0.78274349586549796     
  0.78367568484319072     
  0.77314953112357010     
  0.78149183954335477     
  0.77767987519145265     
  0.78781132152140110     
  0.78872335480484956     
  0.82594477995921167     
  0.88791398458175230     
  0.90091496815995775     
  0.93254149636712569     
  0.94411087951342765     
   1.0016660376498407     
  0.97532464874798563     
  0.91728068961812781     
  0.89703575748437991     
  0.94396012134980545     
  0.97113458014326248     
  0.98820263412870801     
  0.94367614400153244     
  0.98458787773466661     
  0.95148035826845501     
  0.97437577265551667     
  0.95950340905614340     
   1.0094994191728368     
   1.0963465821179454     
   1.0834189167576493     
   1.1000014621204741     
   1.1385339355686259     
   1.1470101578671841     
   1.1653049117629859     
   1.2145062134296403     
   1.2474306980599241     
   1.2955484054928927     
   1.2872406083792765     
   1.3349116366090819     
   1.3804523858475370     
   1.3759800978988661     
   1.4297392711101029     
   1.4258846439927382     
   1.3924146699814877     
   1.4066748651654244     
   1.5128456233115113     
   1.5398369489017067     
   1.6608665138882337     
   1.7020551452010046     
   1.7517999638653201     
   1.7710088700280977     
   1.9846006342795981     
   2.0231093750056068     
   2.0801123200555818     
   2.2120613131705831     
   2.2921765707491666     
   2.4406476675737192     
   2.5531050279744729     
   2.7413154855936490     
   2.8694048026665513     
   2.9020534665268745     
   3.1458101491944586     
   3.4018872532570867     
   3.4445494552448572     
   3.6450612811223522     
   3.9556088978129331     
   4.0452840207180145     
   4.4111289693750759     
   4.6346410791695423     
   4.9087662162550600     
   5.2692413902612909     
   5.3174904671997947     
   5.6392090807393789     
   5.7125325583074673     
   5.9940860569171335     
   6.2321576217566665     
   6.3316059646604028     
   6.5849198943582650     
   6.7440998663602230     
   7.2424733840598527     
   7.5613891010397243     
   8.5909865309834448     
   8.9325575580451453     
   9.2022223553312035     
   9.6154517885369231     
   9.6628183561131493     
   10.058893004764608     
   10.536626284672577     
   13.284297258890813     
   13.814561761003514     
   14.751379392827264     
   15.651324376157371     
   15.944070230709197     
   16.717521694202130     
   18.607549781840397     
   19.504150165966571     
   19.791766199159422     
   20.136969734122289     
   21.541187890334747     
   22.560657921461413     
   25.270547391032530     
   25.589797344901999     
   26.600985770627346     
   29.167213294035435     
   31.513689925968730     
   32.219343181435136     
   35.293064292424873     
   37.191718874988659     
   39.551817181661256     
   44.127614452639847     
   45.299758198993892     
   47.419285088295844     
   50.616731255352818     
   58.168277978220615     
   62.092971232193904     
   66.460302388283253     
