   5.4998378145755400E-012
   1.1638040209388709E-011
   1.8697196549723660E-011
   3.2286601181765309E-011
   4.8295858385100129E-011
   5.5807422738462310E-011
   8.8563138075518337E-011
   1.1867569525051170E-010
   1.2098342467334752E-010
   1.6172152293434889E-010
   2.4599681762130057E-010
   2.6936808621370580E-010
   2.8605836331499282E-010
   3.2408644832448195E-010
   3.7785700903285427E-010
   4.0394192244151826E-010
   6.1356089688001574E-010
   6.7915756619303388E-010
   8.2040982771412208E-010
   9.9469429728782421E-010
   1.2091966014492542E-009
   1.3632268513373210E-009
   1.5291980209528200E-009
   1.6317167343588160E-009
   2.0913428429605565E-009
   2.2855975172944913E-009
   2.6354570357123932E-009
   2.8142246714183481E-009
   3.4912920448408585E-009
   3.7244706518816877E-009
   4.1333367753701748E-009
   4.4796173547840147E-009
   5.1623010523579298E-009
   5.6375736442431368E-009
   7.9708222408436047E-009
   8.8482712381626307E-009
   9.9568996998192947E-009
   1.1235108289353402E-008
   1.1404655520688655E-008
   1.3221387094332376E-008
   1.6031655086685904E-008
   1.6619170954051993E-008
   2.0245835472264204E-008
   2.0838170729825755E-008
   2.2510146768501718E-008
   2.6372897510584758E-008
   2.7502938239746020E-008
   3.0297058625110290E-008
   3.2488164496544417E-008
   3.3777131742537468E-008
   4.0064726575359002E-008
   4.5621907296936793E-008
   5.1551603163610025E-008
   6.0570171131423346E-008
   6.1551577112123533E-008
   7.5310539329324174E-008
   8.1685715633571677E-008
   8.9659516448334011E-008
   9.7993715261361329E-008
   1.0440890132258864E-007
   1.1232559455300169E-007
   1.1951975289810753E-007
   1.3340995821174673E-007
   1.3952878521425036E-007
   1.5005866326385167E-007
   1.7585316621466766E-007
   1.8405856591886547E-007
   1.9181201855894948E-007
   2.1615251495075706E-007
   2.4044494685994967E-007
   2.9070877968717745E-007
   2.9954574827052045E-007
   3.1709253551094539E-007
   3.3089028821956169E-007
   3.8376002828709201E-007
   4.1212653215537273E-007
   4.9648581937901913E-007
   5.4929590720022626E-007
   5.8761499302922450E-007
   6.7008159600768989E-007
   6.9678869776968245E-007
   7.5333926497816008E-007
   7.7667169830058070E-007
   8.4717640668248142E-007
   9.5368626406341250E-007
   9.9939926102151176E-007
   1.0471379883034606E-006
   1.1750308312358821E-006
   1.3033887272597532E-006
   1.4728898532212099E-006
   1.5452656802656766E-006
   1.7399999420835781E-006
   1.7606025945945432E-006
   1.7993247728402204E-006
   2.0691656991682828E-006
   2.3039233564907748E-006
   2.3657203892185957E-006
   2.5300283185054381E-006
   2.8538366117174729E-006
   3.2866009713806082E-006
   3.4275480162881656E-006
   3.5890606245282838E-006
   4.1383867722774396E-006
   4.2893629884245718E-006
   4.5305247009771265E-006
   4.6908819134884485E-006
   5.1648709820388096E-006
   5.4317797407402780E-006
   5.5875206710748883E-006
   6.6839836841817644E-006
   7.8814901907930753E-006
   8.0734270846447734E-006
   8.7898930491884225E-006
   9.2660146997716249E-006
   1.0129315026976957E-005
   1.0712585422226665E-005
   1.1169727026179469E-005
   1.2319026609189173E-005
   1.2956388928376364E-005
   1.3547697147571682E-005
   1.4952133171497589E-005
   1.5711126569470771E-005
   1.6030703428884515E-005
   1.7302887885852041E-005
   1.9370705285275060E-005
   2.1507364716403199E-005
   2.3890500557073367E-005
   2.4947786570253497E-005
   2.5696816694696882E-005
   2.7318792035745348E-005
   2.9776685020558375E-005
   3.5574792863642642E-005
   3.6070308275127822E-005
   3.7357715508929722E-005
   4.0153158295196605E-005
   4.2477655701586865E-005
   4.5273500123054771E-005
   4.8970203360533830E-005
   5.3300116094237083E-005
   5.5734294175610268E-005
   5.9347865872529682E-005
   6.3309904287245914E-005
   6.8770179029394019E-005
   7.5031078820978248E-005
   8.1250796453639947E-005
   8.4385087632437547E-005
   9.0358559037562029E-005
   1.0635511147465548E-004
   1.1329013467056101E-004
   1.1591183836948993E-004
   1.2247972735412186E-004
   1.4581833619411899E-004
   1.5128934152556004E-004
   1.5518874746946572E-004
   1.6333614977459627E-004
   1.7128037099336350E-004
   1.7151911733133437E-004
   1.9160324112696029E-004
   1.9364763936736783E-004
   2.1539353784161080E-004
   2.2386675678065179E-004
   2.5305655881068364E-004
   2.5710331859936413E-004
   2.8508902975533972E-004
   2.9642718448045499E-004
   3.2440928377866892E-004
   3.4929689059146957E-004
   3.7107936615570506E-004
   4.2199866730502361E-004
   4.3021354387316605E-004
   4.7944912884185511E-004
   4.8367671365650460E-004
   5.3037385812317820E-004
   5.4436650619618101E-004
   5.6797429875964566E-004
   6.3314772541943733E-004
   6.6465482851846085E-004
   7.4111665104309140E-004
   7.9324799362296913E-004
   8.2450681606094822E-004
   9.0091394774851556E-004
   9.1304932537522956E-004
   1.0095667961846763E-003
   1.1017058915219796E-003
   1.1124352482099309E-003
   1.3097712284590929E-003
   1.3808353739793412E-003
   1.5048458743370339E-003
   1.6364177625394188E-003
   1.6942067149631134E-003
   1.7934741223672901E-003
   1.9311945471616274E-003
   1.9920471092565242E-003
   2.1720084800623796E-003
   2.3493879962565231E-003
   2.5077119184603847E-003
   2.7590587408844571E-003
   3.0667366609799479E-003
   3.2938424837517175E-003
   3.4235111686416850E-003
   3.5889219495897334E-003
   3.8041987600535383E-003
   4.1667207379238926E-003
   4.3104789523308786E-003
   4.7295417627128801E-003
   5.0739515514734799E-003
   5.8366696193908971E-003
   6.2646413403528497E-003
   6.4830476695596165E-003
   6.8425324402506156E-003
   7.5797262709082908E-003
   7.7067885368509977E-003
   8.0948426434519580E-003
   8.4800894928708671E-003
   9.1469865378230771E-003
   9.3914928568654722E-003
   1.1894811129537110E-002
   1.2530573974941117E-002
   1.4039102932542333E-002
   1.4890098034739814E-002
   1.5621654361752354E-002
   1.6784542081582258E-002
   1.6970342506065172E-002
   1.7760266745074221E-002
   1.8230407131723695E-002
   1.9459028648788811E-002
   2.2180773609493352E-002
   2.4938931161656241E-002
   2.8430173815017327E-002
   3.1114017604166367E-002
   3.2302671229014000E-002
   3.4262283204361761E-002
   3.7274702115246944E-002
   4.0733976943086017E-002
   4.2118552870011428E-002
   4.3241141623871944E-002
   4.6457638782488250E-002
   5.4935269705463356E-002
   5.7045702094766421E-002
   6.0656554817513926E-002
   6.4035841262795073E-002
   7.0601342100082218E-002
   7.3342995172089531E-002
   7.9165593856630856E-002
   8.6696131409008587E-002
   9.8290352890973404E-002
  0.10572287994839399     
  0.11597345735006366     
  0.11962447259901228     
  0.12241957612326604     
  0.14235957899097951     
  0.14767740009206012     
  0.16098871381267107     
  0.17420945441710958     
  0.19586273998854020     
  0.21120421551901897     
  0.22300098435768007     
  0.26228248348212813     
  0.27973289839401411     
  0.29013122324637936     
  0.30341896062342905     
  0.32426639067970475     
  0.34339064194687569     
  0.38883497285233837     
  0.42165647534772843     
  0.50361432979362653     
  0.53907834246656872     
  0.56627394963727939     
  0.59135034445749268     
  0.62015364524359273     
  0.67429297495814344     
  0.79728432259000859     
  0.91139221154956240     
  0.93553567330572329     
  0.94674793768819632     
   1.0761480954813181     
   1.3424115420009699     
   1.3939420238273046     
   1.5064594742217940     
   1.5891653106144377     
   1.7135103847816484     
   1.8799344143562760     
   2.3322225087731634     
   2.6095887149346679     
   2.7175447907238217     
   2.9895382805036088     
   3.2515687219638512     
   3.5128825788994846     
   4.2941606790119025     
   5.2009933616442945     
   5.2416416845888545     
   5.3596125927612324     
   6.7529305495764875     
   7.5075155957249846     
   8.9051129600765293     
   10.011828658143598     
   10.510337074803179     
   13.801175034563784     
   14.123725924734405     
   17.619371200534111     
