           1   9.4281988745256672E+020
           2   11961623172139606.     
           3   359172055570230.12     
           4   96703084705132.922     
           5   13846344502547.660     
           6   378681296395.19183     
           7   73459441821.334641     
           8   33269985784.157604     
           9   8551637364.7010860     
          10   8352482519.9575987     
          11   3138745426.6552296     
          12   645572499.60729527     
          13   909782380.84150231     
          14   76276819.255293831     
          15   29597924.852792732     
          16   17020235.583204962     
          17   11191222.876375334     
          18   3906939.7885791524     
          19   3735149.7525342135     
          20   1917393.3752444598     
          21   666508.09065670590     
          22   502381.90926694474     
          23   160114.71294438664     
          24   134317.91759377430     
          25   96088.114508437808     
          26   54796.682792315143     
          27   23535.001293977126     
          28   27448.845084861256     
          29   15412.636577915666     
          30   13341.482164432271     
          31   14390.695174679844     
          32   11985.475522423603     
          33   6664.4847613589591     
          34   3705.7001942648499     
          35   5095.8687117046511     
          36   4240.9554033932272     
          37   3743.9820057115303     
          38   2172.2813048449830     
          39   2120.8489863013101     
          40   2042.5357844291298     
          41   1535.1523822728570     
          42   1068.0304824035361     
          43   845.01493426697607     
          44   845.23456954490928     
          45   1046.2314295396045     
          46   876.27237903135733     
          47   655.51758301247492     
          48   636.15028507093712     
          49   431.61023137061687     
          50   367.71413163162066     
          51   448.10501034132386     
          52   270.44522218270839     
          53   348.76419819376088     
          54   387.67390778901125     
          55   291.31118070895144     
          56   235.97716397305715     
          57   278.74534855326544     
          58   209.65671210680262     
          59   206.83359277611135     
          60   134.71882050499326     
          61   160.43115845959298     
          62   176.67719758772770     
          63   134.13210746549501     
          64   80.470937952506432     
          65   105.01565442904224     
          66   77.098044737576203     
          67   81.999103308432041     
          68   66.196184130574082     
          69   60.174868355594519     
          70   54.659931164962053     
          71   39.672417464484937     
          72   48.896635787993574     
          73   36.687626461587392     
          74   60.050746458513501     
          75   36.572012281342317     
          76   35.518855435039015     
          77   43.734101042097677     
          78   34.642180094779704     
          79   31.228045169542373     
          80   37.314421543409850     
          81   30.517310911181600     
          82   27.565195779499771     
          83   20.542186793578320     
          84   16.548860759516309     
          85   17.901697947133975     
          86   14.821390031719682     
          87   16.944088599773472     
          88   13.741415445386631     
          89   12.878276095376375     
          90   19.921162301588186     
          91   14.679037206594078     
          92   13.501511003117390     
          93   12.338209994037792     
          94   14.816513781378065     
          95   9.9485326929268432     
          96   12.229264762522947     
          97   12.977186665439104     
          98   8.3249429403359319     
          99   10.512001580236079     
         100   10.049667377205282     
         101   7.2969481682746427     
         102   11.448938158475277     
         103   9.1408356519596978     
         104   11.488165166198703     
         105   9.4631245316179537     
         106   8.3791056932842451     
         107   7.3840621374188000     
         108   7.2007478859720218     
         109   5.6882797227728341     
         110   6.6069847086200353     
         111   6.8696116740594890     
         112   5.3974560527570405     
         113   4.9249315355318677     
         114   5.8929759821907632     
         115   5.0616991891489995     
         116   4.8180276610105119     
         117   4.1410146615695513     
         118   4.9884926296471148     
         119   4.9969934307877768     
         120   4.5857081002863929     
         121   3.8040479601532522     
         122   3.4804053301403335     
         123   2.5616917086686062     
         124   3.5377164456896293     
         125   3.6683402174694248     
         126   3.3744760443936688     
         127   3.0101687988810824     
         128   3.2499586968384881     
         129   2.5077630724395448     
         130   2.8075969674415218     
         131   2.2130366739165832     
         132   2.9536804806621322     
         133   2.4775219103598070     
         134   2.1163895881162111     
         135   1.8735383001222639     
         136   2.2747553795457942     
         137   2.2260822350762792     
         138   1.7142286135527380     
         139   1.9202326500166536     
         140   2.1043089131642452     
         141   1.4345046174549170     
         142   1.8809094644060835     
         143   1.4576607790619003     
         144   1.2352900865118168     
         145   1.3987379492432719     
         146   1.4596511472688587     
         147   1.3596325597324206     
         148   1.3016209668851735     
         149   1.0260901419369712     
         150   1.1664727798630272     
         151  0.89658533401798846     
         152   1.1012322795090497     
         153  0.98042112701664275     
         154   1.1038277702326640     
         155  0.90009764320014118     
         156   1.0894298421657402     
         157  0.79830417218339933     
         158  0.89137147946859485     
         159  0.88244351921911113     
         160  0.77328540324898376     
         161  0.96478361535805679     
         162  0.85326288731435640     
         163  0.84184637303767185     
         164  0.91509051853630052     
         165  0.71782794631986957     
         166  0.67206128060786896     
         167  0.59947766068740438     
         168  0.63458574878067808     
         169  0.93145987044589351     
         170  0.73030006076232412     
         171  0.65514920694631940     
         172  0.51365005307384981     
         173  0.51753574337545816     
         174  0.46333416285382123     
         175  0.47490577411815010     
         176  0.37076229652655562     
         177  0.36203674236202582     
         178  0.50950788864744756     
         179  0.43603864069302761     
         180  0.48101535357122349     
         181  0.36324073890561825     
         182  0.40598721664731424     
         183  0.43237403023123799     
         184  0.33804025368637303     
         185  0.38938113188552709     
         186  0.46676805310466268     
         187  0.42679808320403884     
         188  0.41186063953982482     
         189  0.34185308358368344     
         190  0.41700508996245611     
         191  0.33486981072251448     
         192  0.29092111469734511     
         193  0.32081839559377229     
         194  0.29499642434790263     
         195  0.27693944225053352     
         196  0.27150238200837751     
         197  0.30331349595670093     
         198  0.34481375235605871     
         199  0.27904382951079282     
         200  0.30536233732943169     
         201  0.25550328724463423     
         202  0.34528138737288239     
         203  0.36137865585416512     
         204  0.28012047563744741     
         205  0.36351430352873343     
         206  0.30713822665456675     
         207  0.28942226453366160     
         208  0.29674632504191795     
         209  0.29775928073343200     
         210  0.34377921009760881     
         211  0.28194140200621026     
         212  0.36667340018893402     
         213  0.43225125877846843     
         214  0.32847915070397821     
         215  0.40524803265960091     
         216  0.35666459597452876     
         217  0.40853153272296344     
         218  0.32842159059411319     
         219  0.35022672179598763     
         220  0.34142575584807083     
         221  0.32503418624591823     
         222  0.46755261933344433     
         223  0.29053364006704741     
         224  0.32207176381638331     
         225  0.31521399079825951     
         226  0.23891540028056510     
         227  0.30087250369480023     
         228  0.30598379238582657     
         229  0.28161768240398322     
         230  0.30295322515761586     
         231  0.34825540703123725     
         232  0.28311493376250518     
         233  0.31565634656267966     
         234  0.23260379134576198     
         235  0.35207110613555970     
         236  0.31843968643911436     
         237  0.23994659912546554     
         238  0.35301432583611880     
         239  0.36946497140205381     
         240  0.27150934976827990     
         241  0.25870736008077239     
         242  0.25607586006209565     
         243  0.31447183747751012     
         244  0.25515688812299914     
         245  0.29436910292408602     
         246  0.26913410851956210     
         247  0.27915719009577433     
         248  0.24091325389960261     
         249  0.28086449167214078     
         250  0.22366609760308562     
         251  0.25943866487427530     
         252  0.24600950061690235     
         253  0.27627460485205940     
         254  0.28125368304881737     
         255  0.25257217617966304     
         256  0.25007014743559491     
         257  0.24460807699226095     
         258  0.21976256178571929     
         259  0.25868524378599395     
         260  0.28150462384070774     
         261  0.21801379428103276     
         262  0.27068752061308682     
         263  0.18700688663701470     
         264  0.17723981295521613     
         265  0.21355199046174836     
         266  0.26505577577853323     
         267  0.23564491716505134     
         268  0.23190921083126337     
         269  0.17921502127298167     
         270  0.23787404430449705     
         271  0.20259482090097947     
         272  0.21832345047512566     
         273  0.17042386822664793     
         274  0.18403873721283143     
         275  0.15744466133981039     
         276  0.15828453799418418     
         277  0.18432891734554396     
         278  0.15438181062594211     
         279  0.14543648251176586     
         280  0.16261125333011311     
         281  0.18638808268199897     
         282  0.21038689396641205     
         283  0.11212877408208094     
         284  0.18580801545636363     
         285  0.14089796661591819     
         286  0.13638091951732195     
         287  0.14373370748849462     
         288  0.10427258105119903     
         289  0.10565532097912886     
         290  0.11509418791893501     
         291  0.14650431498732094     
         292  0.16150629211947107     
         293  0.11926532500209107     
         294  0.11641469851798936     
         295  0.13915448423159879     
         296  0.12473148047426240     
         297  0.10039376033332806     
         298  0.10411579516554528     
         299   7.9380081419680795E-002
         300  0.11398000658664531     
         301   8.4991347063680764E-002
         302   9.2985635190496282E-002
         303  0.11323699240521380     
         304  0.10266704634748997     
         305  0.10070394617762281     
         306   5.5236477101879497E-002
         307  0.10395334932122044     
         308   6.5201824212063275E-002
         309   7.1701916597214102E-002
         310  0.10631281107475396     
         311   7.8070289496982831E-002
         312   9.1287142521970371E-002
         313  0.11314588045378994     
         314  0.11630597329664982     
         315  0.11945945330881004     
         316   9.3791231423812293E-002
         317   7.5486625368053520E-002
         318  0.12023212538877157     
         319   8.2561944211353488E-002
         320   8.4753922092167921E-002
         321   7.2509719833729530E-002
         322   6.8326910977727334E-002
         323   8.7796231228834329E-002
         324   7.2216427715163997E-002
         325   7.3070615830476318E-002
         326   8.9300590021655218E-002
         327   7.1539321072411635E-002
         328   6.1172922494368058E-002
         329   9.0268400868030785E-002
         330   7.2383278406390167E-002
         331   4.7241945424561421E-002
         332   4.6889075081175020E-002
         333   7.4449400511370861E-002
         334   6.2655202584873837E-002
         335   4.2578938982584025E-002
         336   7.8267901741501833E-002
         337   6.0511152962186038E-002
         338   6.5904423958417724E-002
         339   6.4851318871042535E-002
         340   4.7177691903643987E-002
         341   7.1249100062338394E-002
         342   5.4012023615255797E-002
         343   4.5041225215935794E-002
         344   5.2956855702004341E-002
         345   6.5881255965246299E-002
         346   6.3799002200651739E-002
         347   4.2111811077662140E-002
         348   4.5378477320589472E-002
         349   4.5616870304879917E-002
         350   3.8312544008333227E-002
         351   7.4035666410717391E-002
         352   6.2872680029437994E-002
         353   4.8088899787906050E-002
         354   4.2139170994784862E-002
         355   5.7656155902856998E-002
         356   6.1344661076499565E-002
         357   4.2154355667226424E-002
         358   6.7456084227127400E-002
         359   4.4202877171597647E-002
         360   6.2703059374260031E-002
         361   5.3500139368557652E-002
         362   5.6872345592612110E-002
         363   6.0263030140668659E-002
         364   4.9599935013937765E-002
         365   5.4245500188287700E-002
         366   3.4781563774470413E-002
         367   4.0624518448773406E-002
         368   5.8587446665898685E-002
         369   3.8880415720819780E-002
         370   4.3979236663468743E-002
         371   3.9303935094828102E-002
         372   4.9477407572000469E-002
         373   5.3847349301166379E-002
         374   3.8353928130972922E-002
         375   3.3384835167788715E-002
         376   5.2135001964534015E-002
         377   4.2568250231832173E-002
         378   3.0267609476653190E-002
         379   4.2473399145318891E-002
         380   2.9988360165463707E-002
         381   2.7607273567535895E-002
         382   4.0711565965752511E-002
         383   3.3926006703109440E-002
         384   4.2382820892665894E-002
         385   3.9661989113240162E-002
         386   2.9500943605612062E-002
         387   2.6685108326915955E-002
         388   3.7353766502040697E-002
         389   3.0877806367423943E-002
         390   2.4963661809491233E-002
         391   2.5863432392325653E-002
         392   4.4321804986081098E-002
         393   3.2565020240926348E-002
         394   4.3383077487892718E-002
         395   4.4126034607499434E-002
         396   2.8320736652844184E-002
         397   2.8426704140140223E-002
         398   4.8791607199937977E-002
         399   3.6521232339490901E-002
         400   3.8027341348941611E-002
         401   3.2082441835553886E-002
         402   2.2534212524719623E-002
         403   2.2906517879188518E-002
         404   3.3667472245161478E-002
         405   3.7775452002493749E-002
         406   3.1130988911504946E-002
         407   1.8832984471814144E-002
         408   1.7766189008589540E-002
         409   2.7254662883931628E-002
         410   2.1339591202358673E-002
         411   2.4172923714452947E-002
         412   2.0508819980149574E-002
         413   3.2923296214062980E-002
         414   2.5099200175879837E-002
         415   2.2640280259975023E-002
         416   2.2222572358741997E-002
         417   2.9860340739098597E-002
         418   2.2050650273205696E-002
         419   2.2233153671167682E-002
         420   2.3680933022683998E-002
         421   3.1536292365094247E-002
         422   2.4268451161871155E-002
         423   2.2498974887069412E-002
         424   2.2616734413912171E-002
         425   3.9800897533399306E-002
         426   2.2586448831376209E-002
         427   1.6865667309250036E-002
         428   2.4738140364297258E-002
         429   2.5480199676933983E-002
         430   2.4779806883410135E-002
         431   2.6424434350714399E-002
         432   2.3862486029236598E-002
         433   2.2717929649406950E-002
         434   2.6661467597052135E-002
         435   1.8648030887131115E-002
         436   3.3893760561668831E-002
         437   2.3266883772257961E-002
         438   1.8732208724647929E-002
         439   2.0399948212689721E-002
         440   2.0633785168326677E-002
         441   2.4124824776973756E-002
         442   1.5174606822189629E-002
         443   1.8622787756689577E-002
         444   2.0421110255136855E-002
         445   2.4743122117374158E-002
         446   2.1649275278204979E-002
         447   2.8504434623458936E-002
         448   1.8733120639816851E-002
         449   2.8217078849212211E-002
         450   2.4252424558852823E-002
         451   1.4061445476616223E-002
         452   1.5725510702328117E-002
         453   1.1814354621056624E-002
         454   2.4334169136055607E-002
         455   2.5269732490939240E-002
         456   2.3684532368798736E-002
         457   2.1118603717917631E-002
         458   2.0093506789074324E-002
         459   1.7251921123642447E-002
         460   2.1478410111848693E-002
         461   1.2877301163094842E-002
         462   1.2536025188989098E-002
         463   1.4657790777651902E-002
         464   1.3208012069450348E-002
         465   1.7061448297425938E-002
         466   2.3580230393617754E-002
         467   1.9751424578907811E-002
         468   1.6486053074565521E-002
         469   1.9662917325547674E-002
         470   2.0544711962734580E-002
         471   1.4807697055318893E-002
         472   1.5305344337015490E-002
         473   1.1026746976463235E-002
         474   2.0422018866167822E-002
         475   1.2405818603946787E-002
         476   2.6610454963288364E-002
         477   2.1976738607197281E-002
         478   1.4125981162784473E-002
         479   1.3386756557840268E-002
         480   1.4221106215613611E-002
         481   1.3478945044698180E-002
         482   1.1759720087191006E-002
         483   1.2440874552787466E-002
         484   1.4984710337564974E-002
         485   1.4264094266580622E-002
         486   8.4439520392042243E-003
         487   1.3232678565738036E-002
         488   1.3770238990339467E-002
         489   1.8577904417546344E-002
         490   1.2834950266149911E-002
         491   8.4503708737365159E-003
         492   1.4226615450943161E-002
         493   1.5066072832426376E-002
         494   1.2801799858690273E-002
         495   1.8946888106268687E-002
         496   2.2679544057765150E-002
         497   1.4417620328790556E-002
         498   1.1947244401992494E-002
         499   1.6801916918810455E-002
         500   1.6252865964905158E-002
         501   1.5118180859551000E-002
         502   1.4336273924416651E-002
         503   1.1047040643507125E-002
         504   1.3571467581827468E-002
         505   1.2846908833924796E-002
         506   1.0789829062437627E-002
         507   1.1465795965435189E-002
         508   1.1300394822015371E-002
         509   1.0591752467723592E-002
         510   1.3867379166805723E-002
         511   1.3761319096578028E-002
         512   1.9090127691793923E-002
         513   1.5942408353230651E-002
         514   1.3755838590045292E-002
         515   1.3503187279014773E-002
         516   1.8270433224710322E-002
         517   1.7943692036699221E-002
         518   1.1096199839213635E-002
         519   1.2536539762002131E-002
         520   2.2318857263851844E-002
         521   1.2209554596489225E-002
         522   1.7468219971579196E-002
         523   1.2837726953705350E-002
         524   1.3109087488826490E-002
         525   1.7505726426090468E-002
         526   1.2571684016401215E-002
         527   1.4389403851987616E-002
         528   1.0650489907090400E-002
         529   1.0725213104646650E-002
         530   1.0071333609514397E-002
         531   1.4236008697273417E-002
         532   1.5690586770329407E-002
         533   1.5914809741094969E-002
         534   1.6057304101775933E-002
         535   1.3568627770915588E-002
         536   1.6724366831640421E-002
         537   1.3963728648947018E-002
         538   1.5114872572054100E-002
         539   1.1753951927094337E-002
         540   1.4720542158374551E-002
         541   2.3105528657674169E-002
         542   1.8057360920487962E-002
         543   1.3785069291523809E-002
         544   1.1820626591481205E-002
         545   1.5711575012221909E-002
         546   1.0989009830182347E-002
         547   9.7758618376383600E-003
         548   1.3181634355811624E-002
         549   1.1700162559636922E-002
         550   1.1181629260499055E-002
         551   9.2985949629993264E-003
         552   9.5594432012712678E-003
         553   1.2248261678364233E-002
         554   1.4997886259460361E-002
         555   6.3754861072193103E-003
         556   9.0790951132233410E-003
         557   9.8372679201818875E-003
         558   1.1862279155175709E-002
         559   9.4158044246834775E-003
         560   7.2187037975655127E-003
         561   1.0821054521542275E-002
         562   8.6887594735083860E-003
         563   9.2257250454309998E-003
         564   1.2895836840847037E-002
         565   1.0418684563024286E-002
         566   8.0172152725792763E-003
         567   9.2583899661437454E-003
         568   9.3709619057085764E-003
         569   1.4490903927395200E-002
         570   1.3190950273510509E-002
         571   1.1480049813090705E-002
         572   9.6136150237640973E-003
         573   1.1915075653490762E-002
         574   9.5997519291858586E-003
         575   1.1820694641049097E-002
         576   7.7011871958563311E-003
         577   9.9359554950687150E-003
         578   8.6417003371706876E-003
         579   7.7777295357355867E-003
         580   8.5113779318367645E-003
         581   9.4355379706525886E-003
         582   1.0101976175246177E-002
         583   1.2982250802511090E-002
         584   1.0775728971484780E-002
         585   1.1795502898882194E-002
         586   1.5103345639284638E-002
         587   1.3079909917202714E-002
         588   8.0331486265203846E-003
         589   1.0928042969086324E-002
         590   9.2611128538652963E-003
         591   1.1163130895177644E-002
         592   1.2534984090168032E-002
         593   1.1374482408844387E-002
         594   1.0311282242877501E-002
         595   8.6265721470675377E-003
         596   6.1752470602691508E-003
         597   1.1333900481955109E-002
         598   1.4497056338085261E-002
         599   1.0332062758923696E-002
         600   8.8662218792093083E-003
         601   1.0568422002661266E-002
         602   1.2519076921097593E-002
         603   1.5852986198329935E-002
         604   9.9752404544236877E-003
         605   9.1805058418744766E-003
         606   1.1302118300641114E-002
         607   1.0981748606022499E-002
         608   1.4724029114202557E-002
         609   1.4349619913029913E-002
         610   1.0096004441664603E-002
         611   8.2310963036806677E-003
         612   8.6937528158964866E-003
         613   6.9586603620751218E-003
         614   8.0615497693750301E-003
         615   1.2213520611247215E-002
         616   1.0798940877062835E-002
         617   1.0843541022528038E-002
         618   8.4096436596012517E-003
         619   1.0070234888088314E-002
         620   7.7821664089965190E-003
         621   8.7855983128406721E-003
         622   1.1144406135193421E-002
         623   5.2830521451619830E-003
         624   7.8959117901278315E-003
         625   7.4117047598889286E-003
         626   6.6954802855812463E-003
         627   9.9365201741480821E-003
         628   7.2789281875509492E-003
         629   8.5936434032539873E-003
         630   9.1969733407778163E-003
         631   1.0491450269790320E-002
         632   8.0375318372065477E-003
         633   9.2215657169835846E-003
         634   1.0555290255608866E-002
         635   6.5751461930821089E-003
         636   7.6176679744639902E-003
         637   8.1325740094964957E-003
         638   8.3958982832008106E-003
         639   7.5117851100926980E-003
         640   8.0436038369002399E-003
         641   8.0977080032719594E-003
         642   1.4659947813648971E-002
         643   1.2769686850926115E-002
         644   6.2725970384133242E-003
         645   1.0053741482631474E-002
         646   7.2793485442891109E-003
         647   6.2162440163393839E-003
         648   1.0216205964747342E-002
         649   9.5932739948933424E-003
         650   8.2019699059332537E-003
         651   8.3057924290147554E-003
         652   1.1303911477366183E-002
         653   7.4881355901180941E-003
         654   7.3809377833895439E-003
         655   4.6215503810394243E-003
         656   6.1905062450756535E-003
         657   6.3562831483273902E-003
         658   7.9468666053488859E-003
         659   1.1177048571101269E-002
         660   8.1150305921415360E-003
         661   5.9403556721984658E-003
         662   7.8577118842688854E-003
         663   5.7646662704008743E-003
         664   8.1369886547141227E-003
         665   6.3089731858372812E-003
         666   8.9300528176023061E-003
         667   6.0163626814431596E-003
         668   4.1680689177161119E-003
         669   5.9828190515279133E-003
         670   4.2169859069933688E-003
         671   6.1591514719835138E-003
         672   4.0763997352929789E-003
         673   3.9520428275449469E-003
         674   3.7386395560548196E-003
         675   4.7963181108019578E-003
         676   7.5154180213264843E-003
         677   6.2272967769924411E-003
         678   7.3705627621642638E-003
         679   5.9008224026796336E-003
         680   5.8402759226689315E-003
         681   4.3683419286330936E-003
         682   6.2289689400224797E-003
         683   4.8898825440721536E-003
         684   8.5805929083496556E-003
         685   7.5221989545152862E-003
         686   7.6397615209996038E-003
         687   6.8766315928427144E-003
         688   5.6559230646175424E-003
         689   5.4865984894871865E-003
         690   3.2459267726942390E-003
         691   4.8999415388298051E-003
         692   5.0667965546103508E-003
         693   5.0930639054534137E-003
         694   4.3823174399638684E-003
         695   4.7064320571699927E-003
         696   5.7311394257477475E-003
         697   3.8265821122429634E-003
         698   5.1922142586604244E-003
         699   5.0321057254270876E-003
         700   6.2173151912281429E-003
         701   5.3861045638953350E-003
         702   5.0078418642184978E-003
         703   4.6442040893796901E-003
         704   5.6381764336529121E-003
         705   3.8615293136763582E-003
         706   4.7709251307703881E-003
         707   2.7853830501337450E-003
         708   3.9061093715480381E-003
         709   4.0946530341061851E-003
         710   8.5043821545440039E-003
         711   5.2918449627576735E-003
         712   5.5226114237840905E-003
         713   4.5546334958784396E-003
         714   5.1474569415099645E-003
         715   6.5171225690969789E-003
         716   4.3426028612406249E-003
         717   5.8158812111816843E-003
         718   5.0484644169465744E-003
         719   4.2885348868349693E-003
         720   3.9350607405543971E-003
         721   5.4027743371214791E-003
         722   4.9183919348080220E-003
         723   3.8842282710484545E-003
         724   4.6359486970198828E-003
         725   3.6020374184000123E-003
         726   3.2971907609962484E-003
         727   4.0205691294298105E-003
         728   9.3300917700568746E-003
         729   5.0149217816167066E-003
         730   4.8603283855493161E-003
         731   5.3146664088766634E-003
         732   5.6335822521449532E-003
         733   6.2975416542168277E-003
         734   4.1006880470398121E-003
         735   2.8389985270168769E-003
         736   3.2721985424669126E-003
         737   3.4032827728518525E-003
         738   4.0981104244025637E-003
         739   2.7974071152629043E-003
         740   3.2371408615383349E-003
         741   3.5208621979709513E-003
         742   2.8525411767510128E-003
         743   3.5611561208219898E-003
         744   5.0346457690705433E-003
         745   5.2667054864977388E-003
         746   3.0423705625477935E-003
         747   4.0022923828469037E-003
         748   5.4409467084886969E-003
         749   2.6232310073389022E-003
         750   3.1739624779742134E-003
         751   3.5059223263167036E-003
         752   2.5979572165486442E-003
         753   2.7110331765703901E-003
         754   3.7879736118900898E-003
         755   4.0436910636360403E-003
         756   4.6987950902022150E-003
         757   2.3730608435884783E-003
         758   4.0438550563187325E-003
         759   3.7366965068974735E-003
         760   4.5979781313881625E-003
         761   2.8980874653703752E-003
         762   5.8537485382039690E-003
         763   3.7601290589922352E-003
         764   2.8528345614708718E-003
         765   2.8735321082277603E-003
         766   3.9442993350222496E-003
         767   3.9147647010993585E-003
         768   3.2723036989022515E-003
         769   2.7891213513839765E-003
         770   3.2185887324909417E-003
         771   3.5540965508811580E-003
         772   2.9734803087260423E-003
         773   3.2835910768323332E-003
         774   2.6774329965642673E-003
         775   4.0181634581955032E-003
         776   2.3543762233756223E-003
         777   3.4705025927987067E-003
         778   3.8854114960553952E-003
         779   2.7841226907235742E-003
         780   3.0786558533364605E-003
         781   2.6521062908612184E-003
         782   3.3022580227313157E-003
         783   3.6329348161528072E-003
         784   3.0341841809097235E-003
         785   3.2376072447306975E-003
         786   2.4161010894611290E-003
         787   2.3483543700642063E-003
         788   2.8028873707216604E-003
         789   3.0309640543750801E-003
         790   1.5719357407620342E-003
         791   1.8243576059678579E-003
         792   3.4310793461919840E-003
         793   3.5774611795057797E-003
         794   3.7521266413741376E-003
         795   1.9490827497236321E-003
         796   1.9877160475082925E-003
         797   2.9608053314421445E-003
         798   3.1368481123939642E-003
         799   2.1335024241809089E-003
         800   1.9952462646082463E-003
         801   4.0244420085535776E-003
         802   3.6981562447587308E-003
         803   3.4714176008805958E-003
         804   2.7538562811952176E-003
         805   3.3715970765869525E-003
         806   2.6573280234657298E-003
         807   2.7465312427974683E-003
         808   3.1521167537420926E-003
         809   1.5516902082232777E-003
         810   1.6773280700940877E-003
         811   2.2142396880570781E-003
         812   3.2609897235962625E-003
         813   2.9874086923825623E-003
         814   2.8183984246365327E-003
         815   1.8164559928231141E-003
         816   1.8550619887472554E-003
         817   3.1910662693534525E-003
         818   2.6447710359552329E-003
         819   1.7324583500826370E-003
         820   1.5594747909627802E-003
         821   2.2295206859371331E-003
         822   2.2751112062862344E-003
         823   3.1090787980244837E-003
         824   3.0538155067932841E-003
         825   3.0203104898015366E-003
         826   2.6953896340476289E-003
         827   3.5929456601835456E-003
         828   2.1545320375748423E-003
         829   1.8141274597535399E-003
         830   3.6997916346228686E-003
         831   2.3176351155283835E-003
         832   2.7998760420474291E-003
         833   2.8591684734307708E-003
         834   2.4227841098587157E-003
         835   2.2743930856937138E-003
         836   2.5655153106798599E-003
         837   1.9847539420693879E-003
         838   2.7674474187523324E-003
         839   1.8323670798890493E-003
         840   3.3140965364988097E-003
         841   3.1368035860902389E-003
         842   2.0106477809717178E-003
         843   3.4802655393968256E-003
         844   3.3079020832868563E-003
         845   2.7416749173779366E-003
         846   1.7326452081358370E-003
         847   3.0876226658577777E-003
         848   2.7189553016595093E-003
         849   2.9730511237449214E-003
         850   2.6879181462128913E-003
         851   3.2328109442598639E-003
         852   2.5302733689653682E-003
         853   1.9201409398590520E-003
         854   2.0296168919668543E-003
         855   1.7847201905474375E-003
         856   1.8669997318735694E-003
         857   2.9881938570721395E-003
         858   3.2895664357445831E-003
         859   3.2198964697273662E-003
         860   2.4330655780310803E-003
         861   2.3499564570312655E-003
         862   1.8090723589511031E-003
         863   2.0531413422775965E-003
         864   1.9868167574005782E-003
         865   1.7215262964540266E-003
         866   2.4083019749609426E-003
         867   2.2242721512394474E-003
         868   1.5985488903453896E-003
         869   1.9495959099332756E-003
         870   1.9738823302027854E-003
         871   2.0115064044855290E-003
         872   1.9492784105677281E-003
         873   1.9145801951590648E-003
         874   1.9277984639172639E-003
         875   1.7714489757087355E-003
         876   1.6007434261769106E-003
         877   1.7293259504927566E-003
         878   1.9541479229804679E-003
         879   2.3059734008744896E-003
         880   1.7249320107209174E-003
         881   2.4799625153457293E-003
         882   2.9270978085682280E-003
         883   2.2082616587323898E-003
         884   2.1046817739806293E-003
         885   1.9762441471228255E-003
         886   2.9207240147866437E-003
         887   1.9161496211250874E-003
         888   1.9908383293767711E-003
         889   2.4439858630618530E-003
         890   1.7766110374130919E-003
         891   2.1117491105319521E-003
         892   1.8452300176048525E-003
         893   1.7130426145825508E-003
         894   1.2884964967827713E-003
         895   1.8223129455116574E-003
         896   2.0521258369446448E-003
         897   2.2906950300087487E-003
         898   1.5914072876151788E-003
         899   1.8609511721451113E-003
         900   1.7308720051886716E-003
         901   1.4097104244832890E-003
         902   2.6534216886488987E-003
         903   1.9559140058669827E-003
         904   2.3677092865667351E-003
         905   2.1396664373292385E-003
         906   1.7516512315705883E-003
         907   1.2704025720356731E-003
         908   1.8891018078528484E-003
         909   1.7246701237419993E-003
         910   2.9064464302342506E-003
         911   2.3854895501848063E-003
         912   1.9716281926371883E-003
         913   1.9382692123739917E-003
         914   2.0135072697027930E-003
         915   1.3005545632069676E-003
         916   1.1336957152558104E-003
         917   1.9220879980817620E-003
         918   1.6113874579952471E-003
         919   2.2133915088421267E-003
         920   1.5555570181242889E-003
         921   1.5222856473769903E-003
         922   1.1085842329053349E-003
         923   1.4963546685485924E-003
         924   1.7074570530366464E-003
         925   1.7081284818486805E-003
         926   1.7122348736339354E-003
         927   1.8173091220959102E-003
         928   1.1554767258825233E-003
         929   2.4922281084150876E-003
         930   1.6888729672458035E-003
         931   1.3290513037131438E-003
         932   1.7557676899652827E-003
         933   2.0059745525833517E-003
         934   2.0926842272892773E-003
         935   1.5172624814146635E-003
         936   1.2755567162497127E-003
         937   1.2659674031958164E-003
         938   1.9097419111861545E-003
         939   9.3708111659261239E-004
         940   1.7260015941748801E-003
         941   1.4712701234216167E-003
         942   2.3576482295352332E-003
         943   2.3908872680560491E-003
         944   1.9735431414706515E-003
         945   2.5099583551640723E-003
         946   2.5971163247368845E-003
         947   2.2620332593497636E-003
         948   2.1159235704364897E-003
         949   1.8685538473249251E-003
         950   9.9850408359690120E-004
         951   1.3023118841198954E-003
         952   1.1639064267552192E-003
         953   1.5234414147163363E-003
         954   1.3613151983324979E-003
         955   1.5584302698329728E-003
         956   1.9700977269966097E-003
         957   1.2094904915000736E-003
         958   2.3972661714195347E-003
         959   1.3232443013868229E-003
         960   1.3104405907297606E-003
         961   1.2529642069443717E-003
         962   1.9193998587899513E-003
         963   1.1687138417128486E-003
         964   1.7279992100136779E-003
         965   1.2188641578962671E-003
         966   1.4109769007428048E-003
         967   1.2027373895182462E-003
         968   1.5997434651101865E-003
         969   1.5060781451733420E-003
         970   1.6436318845662718E-003
         971   1.6498848067915029E-003
         972   2.1471926657433259E-003
         973   1.5083042575630651E-003
         974   1.1894207423083498E-003
         975   9.8690400366844124E-004
         976   1.2097205619507757E-003
         977   1.4602038149299978E-003
         978   9.2387876088724746E-004
         979   1.1972785560218433E-003
         980   1.5799707432358041E-003
         981   6.8402030204798420E-004
         982   1.2096063869269603E-003
         983   1.1319137934309919E-003
         984   1.3784693309166643E-003
         985   1.5344657996639204E-003
         986   1.3865144521841880E-003
         987   1.1280813061925589E-003
         988   1.5267738443782476E-003
         989   1.1438322426691593E-003
         990   1.5850660717442232E-003
         991   7.9910571574778671E-004
         992   5.4187121411380956E-004
         993   1.8388432997181424E-003
         994   9.8793002851304342E-004
         995   1.4710167061607654E-003
         996   1.4845715476020978E-003
         997   1.6102980876701708E-003
         998   1.4816598388833399E-003
         999   9.4898782017002585E-004
        1000   1.1513862486192739E-003
