           1   1.0999999992549414E-002
           2   1.2100000254064793E-002
           3   1.3310000567957760E-002
           4   1.4641000942088677E-002
           5   1.6105101385366208E-002
           6   1.7715611907878369E-002
           7   1.9487173521039309E-002
           8   2.1435891337753660E-002
           9   2.3579480982600501E-002
          10   2.5937429643039186E-002
          11   2.8531173225739618E-002
          12   3.1384291228549757E-002
          13   3.4522721099664547E-002
          14   3.7974994032716813E-002
          15   4.1772494341382908E-002
          16   4.5949744771455074E-002
          17   5.0544720344127866E-002
          18   4.5490247104635041E-002
          19   4.0941221309599526E-002
          20   3.6847098202524790E-002
          21   4.0531808901280546E-002
          22   3.6478627044798866E-002
          23   3.2830763470600738E-002
          24   2.9547686340794268E-002
          25   3.2502455679345434E-002
          26   2.9252209336491961E-002
          27   2.6326987705415746E-002
          28   2.8959687103641621E-002
          29   2.6063717702824715E-002
          30   2.3457345311134789E-002
          31   2.1111610220754615E-002
          32   1.9000448695339144E-002
          33   2.0900494017879055E-002
          34   1.8810444117784542E-002
          35   2.0691488978038932E-002
          36   2.2760638369166364E-002
          37   2.0484573989593823E-002
          38   1.8436116102244139E-002
          39   1.6592504052468465E-002
          40   1.8251754853311434E-002
          41   1.6426578932824544E-002
          42   1.8069237217747159E-002
          43   1.6262313065168257E-002
          44   1.4636081370927674E-002
          45   1.6099689856971813E-002
          46   1.4489720487428115E-002
          47   1.5938692881632782E-002
          48   1.4344823213461453E-002
          49   1.2910340550108071E-002
          50   1.4201374912925384E-002
          51   1.2781237083045682E-002
          52   1.1503113070012675E-002
          53   1.2653424651269530E-002
          54   1.3918767418077635E-002
          55   1.2526890344420597E-002
          56   1.1274201011314197E-002
          57   1.2401621381243516E-002
          58   1.3641783815045562E-002
          59   1.2277605108295534E-002
          60   1.1049844304745064E-002
          61   1.2154828998668389E-002
          62   1.0939345809007845E-002
          63   9.8454109672927326E-003
          64   1.0829952298754894E-002
          65   9.7469568106732206E-003
          66   8.7722608972203384E-003
          67   7.8950345983513064E-003
          68   8.6845382464187295E-003
          69   7.8160842147213302E-003
          70   7.0344756068992280E-003
          71   7.7379233353041185E-003
          72   6.9641308172872377E-003
          73   7.6605440650537792E-003
          74   8.4265986542007600E-003
          75   7.5839385878749164E-003
          76   6.8255445482722386E-003
          77   7.5080991658331257E-003
          78   6.7572890702427800E-003
          79   7.4330181383733835E-003
          80   6.6897161473190832E-003
          81   7.3586879215462534E-003
          82   6.6228189539468364E-003
          83   5.9605369006518446E-003
          84   6.5565907328273025E-003
          85   5.9009315032232676E-003
          86   5.3108382122117707E-003
          87   4.7797542643703440E-003
          88   5.2577298047656006E-003
          89   4.7319566989349939E-003
          90   5.2051524816471330E-003
          91   4.6846371093819134E-003
          92   5.1531009320105571E-003
          93   4.6377907159500008E-003
          94   5.1015698981185485E-003
          95   5.6117270095613079E-003
          96   5.0505541748111791E-003
          97   4.5454986369154659E-003
          98   5.0000486089801449E-003
          99   4.5000436288716817E-003
         100   4.9500480990482508E-003
         101   4.4550431711250825E-003
         102   4.9005475944540969E-003
         103   4.4104927181705276E-003
         104   4.8515420951419207E-003
         105   5.3366964203258897E-003
         106   4.8030266510565430E-003
         107   4.3227238714378096E-003
         108   4.7549963616433585E-003
         109   4.2794966121110752E-003
         110   4.7074463753533332E-003
         111   4.2367016255837322E-003
         112   3.8130313620145209E-003
         113   4.1943345891257248E-003
         114   3.7749010302124231E-003
         115   4.1523912232343191E-003
         116   3.7371520019101657E-003
         117   4.1108672912018290E-003
         118   4.5219541183327255E-003
         119   4.0697585986876651E-003
         120   4.4767345555870378E-003
         121   4.0290609932946645E-003
         122   4.4319671886844303E-003
         123   3.9887703641496549E-003
         124   3.5898932326349931E-003
         125   3.9488826414882166E-003
         126   3.5539942831906961E-003
         127   3.9093937962435925E-003
         128   3.5184543234120218E-003
         129   3.8702998396397121E-003
         130   3.4832697634006021E-003
         131   3.1349427040129191E-003
         132   2.8214483588687687E-003
         133   3.1035932620242165E-003
         134   2.7932338618263655E-003
         135   3.0725573146048869E-003
         136   2.7653015098889231E-003
         137   2.4887712929701051E-003
         138   2.7376484816040471E-003
         139   2.4638835681730161E-003
         140   2.7102719837338797E-003
         141   2.9812992467251873E-003
         142   2.6831692509729555E-003
         143   2.4148522619039199E-003
         144   2.1733669781389634E-003
         145   2.3907037277699664E-003
         146   2.1516332979941511E-003
         147   1.9364699168958005E-003
         148   1.7428228790371798E-003
         149   1.9171052084930333E-003
         150   1.7253946419363800E-003
         151   1.8979341472666318E-003
         152   2.0877276072435711E-003
         153   1.8789547967439091E-003
         154   1.6910592722717448E-003
         155   1.8601652398169142E-003
         156   1.6741486714854275E-003
         157   1.8415635785487849E-003
         158   1.6574071767876091E-003
         159   1.8231479339820365E-003
         160   1.6408330971165988E-003
         161   1.8049164459487683E-003
         162   1.6244247583213300E-003
         163   1.7868672728827673E-003
         164   1.6081805029922549E-003
         165   1.7689985916334915E-003
         166   1.5920986902939293E-003
         167   1.4328887833059457E-003
         168   1.5761776957992711E-003
         169   1.4185598886403393E-003
         170   1.5604159113254766E-003
         171   1.4043742829897145E-003
         172   1.2639368212078509E-003
         173   1.1375431089524638E-003
         174   1.0237887709360761E-003
         175   9.2140986943344211E-004
         176   1.0135508783449096E-003
         177   1.1149059903443365E-003
         178   1.2263966159602004E-003
         179   1.1037569251246065E-003
         180   1.2141326439526830E-003
         181   1.0927193506102366E-003
         182   9.8344738949675357E-004
         183   1.0817921518936418E-003
         184   9.7361291091234284E-004
         185   1.0709742252163177E-003
         186   1.1780716732719648E-003
         187   1.0602644778573509E-003
         188   9.5423800479294083E-004
         189   8.5881418156283980E-004
         190   9.4469562019484942E-004
         191   1.0391652047376332E-003
         192   9.3524865948824067E-004
         193   1.0287735477351304E-003
         194   9.2589616843374465E-004
         195   8.3330652951528526E-004
         196   7.4997585669618085E-004
         197   8.2497346024661676E-004
         198   9.0747082594017840E-004
         199   8.1672372171037006E-004
         200   8.9839611335361803E-004
         201   8.0855648059882375E-004
         202   8.8941214793619488E-004
         203   8.0047091193733734E-004
         204   8.8051802221578482E-004
         205   7.9246619900102077E-004
         206   8.7171283779498938E-004
         207   7.8454153323223683E-004
         208   8.6299570526038826E-004
         209   9.4929529636184810E-004
         210   8.5436574409269972E-004
         211   9.3980233887163637E-004
         212   1.0337825951654339E-003
         213   9.3040431100159277E-004
         214   1.0234447642843195E-003
         215   9.2110026345506289E-004
         216   1.0132103117613108E-003
         217   9.1188925642836350E-004
         218   1.0030782038123339E-003
         219   9.0277035951585253E-004
         220   9.9304741699116051E-004
         221   1.0923521823663720E-003
         222   9.8311693808602924E-004
         223   8.8480522083809196E-004
         224   9.7328576401730152E-004
         225   8.7595716441063053E-004
         226   9.6355290173613987E-004
         227   8.6719758858963449E-004
         228   9.5391736812419962E-004
         229   8.5852560856861733E-004
         230   9.4437818989432461E-004
         231   8.4994034838916158E-004
         232   9.3493440349223474E-004
         233   1.0284278661320315E-003
         234   9.2558505499919729E-004
         235   1.0181435825667843E-003
         236   9.1632920003567120E-004
         237   1.0079621418862289E-003
         238   1.1087583801065420E-003
         239   9.9788251566102805E-004
         240   8.9809424030355212E-004
         241   8.0828479486096160E-004
         242   8.8911329361806896E-004
         243   9.7802464417798859E-004
         244   8.8022215644226512E-004
         245   7.9219991981190703E-004
         246   8.7141993068061570E-004
         247   7.8427791683628398E-004
         248   8.6270572721855497E-004
         249   7.7643513392819212E-004
         250   8.5407866583266752E-004
         251   9.3948655277875648E-004
         252   8.4553787510177592E-004
         253   7.6098406743240442E-004
         254   8.3708249231891887E-004
         255   7.5337422312942511E-004
         256   6.7803678285464138E-004
         257   7.4584047730576219E-004
         258   6.7125641179296329E-004
         259   7.3838206897625959E-004
         260   8.1222029347828594E-004
         261   8.9344234219095541E-004
         262   8.0409808667053452E-004
         263   7.2368825883228872E-004
         264   6.5131941569498725E-004
         265   7.1645137279315095E-004
         266   6.4480621843230398E-004
         267   7.0928685564891256E-004
         268   7.8021555812452024E-004
         269   7.0219398371027973E-004
         270   7.7241339882291686E-004
         271   6.9517204052485472E-004
         272   6.2565481989817627E-004
         273   6.8822031680476723E-004
         274   6.1939826871583946E-004
         275   5.5745842707665002E-004
         276   5.0171257107814037E-004
         277   5.5188384014771428E-004
         278   4.9669544297500673E-004
         279   5.4636499911464955E-004
         280   6.0100151205247116E-004
         281   6.6110167758671090E-004
         282   5.9499149406614760E-004
         283   5.3549233047383020E-004
         284   4.8194308465931512E-004
         285   5.3013740461566516E-004
         286   4.7712365151463795E-004
         287   4.2941127498765985E-004
         288   4.7235241272438846E-004
         289   5.1958766525858646E-004
         290   4.6762888634479253E-004
         291   4.2086598656117182E-004
         292   4.6295259525151603E-004
         293   4.1665732468871441E-004
         294   3.7499158228595825E-004
         295   4.1249074945505011E-004
         296   4.5373983423510096E-004
         297   4.0836583999359020E-004
         298   3.6752924625803085E-004
         299   4.0428217964641401E-004
         300   3.6385395204293432E-004
         301   4.0023935592218196E-004
         302   3.6021541078751391E-004
         303   3.2419386112055791E-004
         304   3.5661325496199768E-004
         305   3.2095192096347533E-004
         306   3.5304712071191296E-004
         307   3.1774240022342236E-004
         308   2.8596815262551097E-004
         309   3.1456497470607413E-004
         310   3.4602147967649499E-004
         311   3.1141932345905051E-004
         312   3.4256126322977084E-004
         313   3.7681739772004488E-004
         314   4.1449914647607620E-004
         315   3.7304922194603883E-004
         316   3.3574429085724840E-004
         317   3.0216985376675589E-004
         318   2.7195286118578956E-004
         319   2.9914815378822998E-004
         320   3.2906297629930076E-004
         321   2.9615667082389795E-004
         322   3.2577234496721300E-004
         323   2.9319510270347371E-004
         324   2.6387558544281034E-004
         325   2.3748802060724508E-004
         326   2.6123682833012523E-004
         327   2.3511313926874135E-004
         328   2.5862445880114952E-004
         329   2.3276200675494696E-004
         330   2.0948580052997359E-004
         331   1.8853721548244554E-004
         332   2.0739094152576759E-004
         333   2.2813004062292972E-004
         334   2.0531703112159274E-004
         335   2.2584873912889151E-004
         336   2.4843361842643419E-004
         337   2.7327698619219662E-004
         338   2.4594928105754586E-004
         339   2.2135434708790347E-004
         340   2.4348978707419271E-004
         341   2.1914080256152453E-004
         342   1.9722671708064820E-004
         343   2.1694939349096437E-004
         344   1.9525444896939133E-004
         345   2.1477989852155928E-004
         346   1.9330190354865153E-004
         347   1.7397170858510986E-004
         348   1.9136888359142960E-004
         349   2.1050577651316230E-004
         350   2.3155635918332734E-004
         351   2.0840071774426080E-004
         352   1.8756064100117442E-004
         353   2.0631670957308601E-004
         354   2.2694838544936829E-004
         355   2.4964322940517630E-004
         356   2.2467890051270026E-004
         357   2.0221100510466782E-004
         358   2.2243211043622066E-004
         359   2.0018889408940382E-004
         360   2.2020778827121936E-004
         361   1.9818700419393462E-004
         362   2.1800570933847447E-004
         363   1.9620513320696588E-004
         364   1.7658461520837437E-004
         365   1.9424308093931710E-004
         366   1.7481876821426947E-004
         367   1.9230064920370066E-004
         368   1.7307057969852583E-004
         369   1.9037764179470257E-004
         370   1.7133987307627562E-004
         371   1.8847386446896409E-004
         372   1.6962647352850057E-004
         373   1.8658912492556092E-004
         374   2.0524804186674840E-004
         375   1.8472323278657891E-004
         376   1.6625090510377595E-004
         377   1.8287599957788399E-004
         378   1.6458839525999199E-004
         379   1.4812955180989966E-004
         380   1.3331659309722598E-004
         381   1.1998493060898811E-004
         382   1.3198342653055058E-004
         383   1.4518177233033576E-004
         384   1.5969995302477253E-004
         385   1.4372995391475168E-004
         386   1.2935695509648737E-004
         387   1.4229265369024625E-004
         388   1.2806338492870039E-004
         389   1.4086972647483944E-004
         390   1.2678275046875949E-004
         391   1.1410447239914722E-004
         392   1.2551492235952455E-004
         393   1.3806641758798595E-004
         394   1.2425977253742744E-004
         395   1.3668575275375402E-004
         396   1.5035433128797172E-004
         397   1.6538976800149549E-004
         398   1.4885078725814660E-004
         399   1.3396570498345261E-004
         400   1.4736227867578918E-004
         401   1.3262604729481975E-004
         402   1.1936343940328641E-004
         403   1.3129978618946122E-004
         404   1.4442976793883818E-004
         405   1.2998678770148036E-004
         406   1.1698810583220580E-004
         407   1.0528929245977142E-004
         408   1.1581822421604091E-004
         409   1.2740004939896664E-004
         410   1.1466004142161610E-004
         411   1.0319403454574608E-004
         412   1.1351344046065820E-004
         413   1.2486478721309533E-004
         414   1.1237830551477728E-004
         415   1.0114047228399197E-004
         416   1.1125452192376793E-004
         417   1.0012906707887664E-004
         418   1.1014197617402729E-004
         419   9.9127775930635216E-005
         420   1.0904055588708909E-004
         421   9.8136497698650735E-005
         422   8.8322845589029229E-005
         423   9.7155132253712892E-005
         424   1.0687064779544305E-004
         425   9.6183580467903938E-005
         426   8.6565220127918289E-005
         427   9.5221744204585803E-005
         428   1.0474392089530768E-004
         429   9.4269526308487231E-005
         430   1.0369648118689661E-004
         431   1.1406613177790304E-004
         432   1.2547274767524185E-004
         433   1.1292546991621424E-004
         434   1.0163292023223981E-004
         435   1.1179621467858143E-004
         436   1.0061659054529382E-004
         437   9.0554929091877977E-005
         438   8.1499434023692434E-005
         439   8.9649379369159603E-005
         440   8.0684439294835875E-005
         441   8.8752885147986394E-005
         442   7.9877594517154075E-005
         443   8.7865355873299741E-005
         444   7.9078818191096435E-005
         445   8.6986701895592019E-005
         446   9.5685374159075809E-005
         447   1.0525391385630048E-004
         448   9.4728519961221572E-005
         449   1.0420137421584764E-004
         450   9.3781234309908514E-005
         451   8.4403108642998797E-005
         452   9.2843421519625606E-005
         453   8.3559077154103382E-005
         454   9.1914986861717360E-005
         455   8.2723485984121571E-005
         456   7.4451135413427822E-005
         457   8.1896250729823991E-005
         458   7.3706623704282816E-005
         459   8.1077287832013943E-005
         460   7.2969557115779371E-005
         461   6.5672599664471620E-005
         462   7.2239861196675574E-005
         463   6.5015873354675512E-005
         464   7.1517462240242271E-005
         465   7.8669210169375666E-005
         466   7.0802287276817966E-005
         467   7.7882517692557833E-005
         468   8.5670771318677532E-005
         469   7.7103692144259425E-005
         470   8.4814063196980640E-005
         471   7.6332654855157731E-005
         472   6.8699387549729640E-005
         473   6.1829447156835641E-005
         474   6.8012393346648099E-005
         475   7.4813634302854724E-005
         476   6.7332269088873212E-005
         477   6.0599040574659498E-005
         478   6.6658946076919156E-005
         479   5.9993049879954116E-005
         480   6.5992356298295298E-005
         481   5.9393119095085389E-005
         482   5.3453805769534542E-005
         483   5.8799187620926036E-005
         484   5.2919267456951557E-005
         485   5.8211195464340367E-005
         486   6.4032316398637460E-005
         487   7.0435549565150588E-005
         488   6.3391992929321165E-005
         489   5.7052792125006161E-005
         490   6.2758072697751340E-005
         491   5.6482263931707157E-005
         492   6.2130491671519988E-005
         493   6.8343542319978346E-005
         494   6.1509186458543480E-005
         495   6.7660106570891109E-005
         496   7.4426118841122864E-005
         497   6.6983505182553632E-005
         498   6.0285153067287059E-005
         499   6.6313669811325816E-005
         500   5.9682301249152138E-005
         501   5.3714069701299976E-005
         502   5.9085477952073190E-005
         503   5.3176928748158302E-005
         504   5.8494622890810911E-005
         505   5.2645159207109330E-005
         506   5.7909676382978669E-005
         507   5.2118707364006526E-005
         508   5.7330579343013994E-005
         509   6.3063638644182923E-005
         510   6.9370004012155525E-005
         511   6.2433001957030190E-005
         512   6.8676303641251971E-005
         513   6.1808671639756102E-005
         514   6.7989540277365275E-005
         515   7.4788495926098760E-005
         516   8.2267347301805333E-005
         517   7.4040610610218396E-005
         518   6.6636547783930836E-005
         519   7.3300204151063018E-005
         520   8.0630226313782377E-005
         521   7.2567201760029743E-005
         522   6.5310479853889855E-005
         523   5.8779430311377691E-005
         524   6.4657374743926280E-005
         525   7.1123113759870844E-005
         526   6.4010800688176587E-005
         527   7.0411882283130656E-005
         528   6.3370692376067502E-005
         529   5.7033621627585711E-005
         530   6.2736985150131790E-005
         531   6.9010685160911261E-005
         532   6.2109614999477191E-005
         533   5.5898652018720854E-005
         534   6.1488518553320663E-005
         535   6.7637371874653253E-005
         536   7.4401110674719194E-005
         537   6.6960997833386565E-005
         538   6.0264896453573311E-005
         539   6.6291387535757736E-005
         540   7.2920527869843349E-005
         541   6.5628473344298154E-005
         542   5.9065624445163605E-005
         543   6.4972188297914195E-005
         544   5.8474967919065091E-005
         545   5.2627469733006706E-005
         546   4.7364721504969379E-005
         547   5.2101194784729275E-005
         548   5.7311315505391487E-005
         549   5.1580182588444097E-005
         550   4.6422163099832302E-005
         551   5.1064380516606151E-005
         552   5.6170819785736473E-005
         553   6.1787903103526827E-005
         554   5.5609111320035738E-005
         555   5.0048198862207631E-005
         556   4.5043377782744820E-005
         557   4.9547716634937114E-005
         558   4.4592943790133782E-005
         559   4.0133648347941778E-005
         560   4.4147014139596696E-005
         561   4.8561716606103204E-005
         562   4.3705543787691338E-005
         563   4.8076099208481835E-005
         564   4.3268488141410126E-005
         565   4.7595337987152284E-005
         566   5.2354872920628800E-005
         567   4.7119384380328477E-005
         568   5.1831323941774994E-005
         569   5.7014457571707554E-005
         570   5.1313010455206201E-005
         571   4.6181708186288079E-005
         572   5.0799880105974609E-005
         573   4.5719890884213623E-005
         574   5.0291881062682125E-005
         575   4.5262691757362033E-005
         576   4.0736421502479164E-005
         577   4.4810064623959056E-005
         578   4.9291072154710158E-005
         579   4.4361963764048403E-005
         580   4.8798161198124879E-005
         581   5.3677978481376193E-005
         582   4.8310179353455837E-005
         583   5.3141198440605851E-005
         584   4.7827077329560366E-005
         585   5.2609786202802782E-005
         586   5.7870766077398105E-005
         587   5.2083688089911712E-005
         588   4.6875318039148647E-005
         589   5.1562850960658186E-005
         590   4.6406564635238199E-005
         591   4.1765907065295661E-005
         592   4.5942498767602050E-005
         593   5.0536749739716781E-005
         594   4.5483073560855098E-005
         595   5.0031382001341586E-005
         596   4.5028242608366329E-005
         597   4.9531067942759922E-005
         598   5.4484175917948600E-005
         599   4.9035757027149762E-005
         600   4.4132180155331236E-005
         601   4.8545399223057529E-005
         602   5.3399940302775796E-005
         603   4.8059944999344424E-005
         604   5.2865940645117248E-005
         605   5.8152535970051220E-005
         606   5.2337280986581601E-005
         607   5.7571010333057775E-005
         608   6.3328112738963402E-005
         609   5.6995299955207197E-005
         610   5.1295768600812636E-005
         611   4.6166190517744943E-005
         612   5.0782810670207195E-005
         613   4.5704528392429916E-005
         614   5.0274982321353783E-005
         615   4.5247482890569418E-005
         616   4.9772232258410418E-005
         617   5.4749456670913948E-005
         618   4.9274509698493789E-005
         619   4.4347057553848549E-005
         620   3.9912350741147450E-005
         621   4.3903586766846790E-005
         622   3.9513227043419031E-005
         623   4.3464550689829677E-005
         624   3.9118094584571065E-005
         625   3.5206284193465908E-005
         626   3.8726913452195721E-005
         627   4.2599605720736864E-005
         628   3.8339644133009430E-005
         629   4.2173609460398718E-005
         630   3.7956247508861639E-005
         631   4.1751873164695265E-005
         632   4.5927061476607018E-005
         633   4.1334354233959840E-005
         634   3.7200917825076056E-005
         635   4.0921010494522660E-005
         636   4.5013112519607846E-005
         637   4.9514424844764865E-005
         638   4.4562981179772499E-005
         639   4.0106681999330984E-005
         640   4.4117351155481894E-005
         641   4.8529087322869702E-005
         642   4.3676177433559124E-005
         643   3.9308558648881993E-005
         644   4.3239415450959263E-005
         645   3.8915472874955335E-005
         646   3.5023924659642629E-005
         647   3.8526317960642329E-005
         648   4.2378950675245564E-005
         649   3.8141054597328089E-005
         650   3.4326948228241677E-005
         651   3.7759643869484065E-005
         652   3.3983678582275592E-005
         653   3.7382047250737186E-005
         654   3.3643841634406011E-005
         655   3.0279456668833719E-005
         656   2.7251510280031842E-005
         657   2.9976661957761662E-005
         658   3.2974328868237140E-005
         659   3.6271762541230116E-005
         660   3.2644585422320898E-005
         661   3.5909044742860558E-005
         662   3.2318139412436163E-005
         663   3.5549954124204267E-005
         664   3.9104950384201652E-005
         665   3.5194454413446815E-005
         666   3.1675008133000950E-005
         667   3.4842509701492089E-005
         668   3.1358257900632714E-005
         669   2.8222431362930315E-005
         670   3.1044675172098544E-005
         671   2.7940206914725954E-005
         672   2.5146185557106914E-005
         673   2.7660804712349388E-005
         674   2.4894723581629475E-005
         675   2.7384196533328885E-005
         676   3.0122616839551897E-005
         677   2.7110354437417556E-005
         678   2.4399318347314582E-005
         679   2.6839250763771122E-005
         680   2.4155325047496408E-005
         681   2.6570858128153874E-005
         682   2.9227944574467884E-005
         683   3.2150739728763177E-005
         684   3.5365814468172861E-005
         685   3.1829232178168852E-005
         686   3.5012156154853767E-005
         687   3.1510939704613536E-005
         688   2.8359844982872837E-005
         689   3.1195830157311514E-005
         690   2.8076246397813811E-005
         691   3.0883871706985067E-005
         692   2.7795483799957680E-005
         693   2.5015934757265936E-005
         694   2.2514340685112979E-005
         695   2.4765775290407988E-005
         696   2.2289197170905094E-005
         697   2.4518117419411476E-005
         698   2.6969929745910095E-005
         699   2.4272936128305852E-005
         700   2.6700230319848332E-005
         701   2.4030206651280403E-005
         702   2.1627185413227589E-005
         703   2.3789904470182631E-005
         704   2.1410913455968844E-005
         705   1.9269821599896005E-005
         706   2.1196804219313955E-005
         707   1.9077123292011366E-005
         708   2.0984836076046565E-005
         709   2.3083320183968703E-005
         710   2.5391652752714814E-005
         711   2.2852486872059156E-005
         712   2.0567237640007497E-005
         713   2.2623961894369403E-005
         714   2.4886358623203628E-005
         715   2.7374995078861018E-005
         716   2.4637494918304172E-005
         717   2.7101244997538241E-005
         718   2.4391119851640386E-005
         719   2.1952007284946734E-005
         720   2.4147208536818047E-005
         721   2.1732487107421928E-005
         722   2.3905736336306990E-005
         723   2.1515162132719122E-005
         724   2.3666678858952474E-005
         725   2.1300010408799632E-005
         726   2.3430011957511418E-005
         727   2.5773013711877576E-005
         728   2.3195711726213288E-005
         729   2.5515283451863481E-005
         730   2.8066812405381593E-005
         731   2.5260130495678481E-005
         732   2.2734116843862191E-005
         733   2.0460704617452388E-005
         734   1.8414633667885938E-005
         735   1.6573169862058266E-005
         736   1.8230487243399253E-005
         737   1.6407438084410640E-005
         738   1.4766693884785769E-005
         739   1.6243363625329764E-005
         740   1.7867700375134709E-005
         741   1.6080929911622065E-005
         742   1.7689023286183518E-005
         743   1.9457926036541049E-005
         744   2.1403719104108262E-005
         745   1.9263346683393007E-005
         746   1.7337011555779734E-005
         747   1.9070713124704272E-005
         748   1.7163641357552612E-005
         749   1.5447276812584254E-005
         750   1.6992004862134457E-005
         751   1.5292803970800045E-005
         752   1.6822084732488908E-005
         753   1.8504293606807552E-005
         754   1.6653863804950059E-005
         755   1.8319250582504120E-005
         756   1.6487325087488738E-005
         757   1.8136057989326073E-005
         758   1.6322451757996148E-005
         759   1.7954697322953339E-005
         760   1.9750167483322013E-005
         761   1.7775150264109124E-005
         762   1.9552665714312643E-005
         763   1.7597398676709502E-005
         764   1.5837658389483873E-005
         765   1.4253892172936285E-005
         766   1.5679281730069185E-005
         767   1.7247210276899310E-005
         768   1.5522488838003843E-005
         769   1.7074738091889202E-005
         770   1.5367263875606804E-005
         771   1.3830537121662002E-005
         772   1.5213591163573904E-005
         773   1.6734950642651573E-005
         774   1.5061455179394101E-005
         775   1.6567601056426584E-005
         776   1.4910840555781535E-005
         777   1.6401924966861830E-005
         778   1.8042117854600378E-005
         779   1.6237905638982729E-005
         780   1.4614114687942617E-005
         781   1.6075526505164524E-005
         782   1.4467973471377652E-005
         783   1.5914771163458785E-005
         784   1.7506248659242375E-005
         785   1.5755623375936646E-005
         786   1.4180060662699647E-005
         787   1.5598067067048603E-005
         788   1.4038259988456843E-005
         789   1.2634433654912958E-005
         790   1.3897877321632627E-005
         791   1.2508089258118147E-005
         792   1.3758898482146049E-005
         793   1.5134788658398356E-005
         794   1.3621309431717039E-005
         795   1.2259178163788011E-005
         796   1.3485096272448396E-005
         797   1.4833606221202986E-005
         798   1.3350245245421955E-005
         799   1.2015220402585110E-005
         800   1.3216742729308798E-005
         801   1.4538417317351379E-005
         802   1.5992259395709396E-005
         803   1.4393033074853280E-005
         804   1.5832336725495259E-005
         805   1.4249102675473409E-005
         806   1.2824192068200987E-005
         807   1.4106611580773651E-005
         808   1.2695950086368456E-005
         809   1.3965545397700339E-005
         810   1.2568990524965756E-005
         811   1.3825889877130417E-005
         812   1.5208479194478361E-005
         813   1.3687630912432125E-005
         814   1.2318867494850361E-005
         815   1.1086980451660637E-005
         816   1.2195678761160914E-005
         817   1.0976110594277183E-005
         818   9.8784992731585957E-006
         819   1.0866349435996231E-005
         820   1.1952984638669813E-005
         821   1.0757685889821471E-005
         822   1.1833454735286837E-005
         823   1.3016800490947066E-005
         824   1.4318480850386480E-005
         825   1.2886632423968646E-005
         826   1.1597968874330523E-005
         827   1.2757766038280701E-005
         828   1.1481989130283785E-005
         829   1.2630188317064118E-005
         830   1.1367169184230551E-005
         831   1.0230451994793063E-005
         832   1.1253497438185353E-005
         833   1.2378847450308176E-005
         834   1.3616732490473715E-005
         835   1.2255058916778142E-005
         836   1.1029552732916954E-005
         837   1.2132508269173679E-005
         838   1.3345759385352586E-005
         839   1.4680335642075543E-005
         840   1.6148369556289574E-005
         841   1.4533532215653484E-005
         842   1.5986885783725241E-005
         843   1.4388196824195658E-005
         844   1.2949376798734749E-005
         845   1.1654438810124071E-005
         846   1.2819882968999952E-005
         847   1.4101871571549776E-005
         848   1.2691684078179979E-005
         849   1.3960852788591305E-005
         850   1.2564767176879506E-005
         851   1.1308290159624161E-005
         852   1.0177460874051097E-005
         853   1.1195207204105782E-005
         854   1.2314728191430900E-005
         855   1.1083255078681810E-005
         856   1.2191580850795383E-005
         857   1.3410739226544861E-005
         858   1.2069664984153435E-005
         859   1.3276631770332016E-005
         860   1.1948968276759246E-005
         861   1.0754071164197718E-005
         862   1.1829478537014527E-005
         863   1.3012426672752725E-005
         864   1.1711183695237026E-005
         865   1.2882302343977106E-005
         866   1.1594071802441372E-005
         867   1.0434664345773023E-005
         868   1.1478131029132110E-005
         869   1.0330317652558929E-005
         870   1.1363349664108789E-005
         871   1.0227014426774542E-005
         872   1.1249716113283022E-005
         873   1.0124744233740587E-005
         874   9.1122695689738140E-006
         875   1.0023496743124631E-005
         876   9.0211468298333824E-006
         877   9.9232617278976213E-006
         878   1.0915588137276380E-005
         879   1.2007147211251919E-005
         880   1.0806432203854030E-005
         881   1.1887075681884853E-005
         882   1.3075783533483308E-005
         883   1.1768204868384005E-005
         884   1.2945025635798274E-005
         885   1.1650522763584984E-005
         886   1.0485470209456377E-005
         887   9.4369229385176483E-006
         888   1.0380615457363190E-005
         889   9.3425536641337115E-006
         890   8.4082980749765037E-006
         891   9.2491280829436016E-006
         892   1.0174041111754359E-005
         893   9.1566367580108804E-006
         894   1.0072300652123200E-005
         895   9.0650703467685194E-006
         896   9.9715775975734908E-006
         897   8.9744196000752046E-006
         898   9.8718617740495624E-006
         899   8.8846753612810800E-006
         900   7.9962076133258038E-006
         901   8.7958285653028294E-006
         902   7.9162454990636508E-006
         903   8.7078702377080158E-006
         904   9.5786574690906216E-006
         905   8.6207914938085692E-006
         906   7.7587121388920262E-006
         907   8.5345835377633405E-006
         908   7.6811249805066786E-006
         909   8.4492376616896361E-006
         910   9.2941616293041241E-006
         911   8.3647452447836308E-006
         912   7.5282705208742000E-006
         913   8.2810977524495768E-006
         914   9.1092077251312909E-006
         915   8.1982867354377261E-006
         916   9.0181156044438855E-006
         917   8.1163038289908664E-006
         918   8.9279344053977149E-006
         919   8.0351407519993994E-006
         920   7.2316264852267750E-006
         921   6.5084636642886865E-006
         922   7.1593101858914211E-006
         923   7.8752413751718201E-006
         924   8.6627657004493882E-006
         925   9.5290424770307562E-006
         926   8.5761380021376042E-006
         927   9.4337520068224283E-006
         928   8.4903765812220113E-006
         929   7.6413387206734580E-006
         930   8.4054727749245152E-006
         931   7.5649252970299764E-006
         932   8.3214180070948485E-006
         933   9.1535600062023993E-006
         934   8.2382037873442821E-006
         935   7.4143832121957698E-006
         936   8.1558217101880185E-006
         937   7.3402393447192742E-006
         938   6.6062152352424029E-006
         939   7.2668369162710879E-006
         940   7.9935207811530899E-006
         941   8.7928730498487847E-006
         942   9.6721605644720930E-006
         943   8.7049442774226066E-006
         944   9.5754389127069121E-006
         945   8.6178947931399673E-006
         946   9.4796844779205880E-006
         947   8.5317158041152390E-006
         948   9.3848875879387180E-006
         949   8.4463986053916901E-006
         950   7.6017585434746856E-006
         951   6.8415825078871696E-006
         952   7.5257409217919245E-006
         953   6.7731666501850866E-006
         954   7.4504834766884725E-006
         955   8.1955320019906890E-006
         956   7.3759786063949104E-006
         957   8.1135766428914347E-006
         958   7.3022187851595497E-006
         959   8.0324408377739681E-006
         960   7.2291965624882579E-006
         961   6.5062767338819545E-006
         962   7.1569045623918750E-006
         963   6.4412139355187862E-006
         964   7.0853354826411721E-006
         965   6.3768017654494933E-006
         966   7.0144820940292446E-006
         967   7.7159304706704544E-006
         968   8.4875237016996178E-006
         969   7.6387711291713211E-006
         970   8.4026484242109486E-006
         971   7.5623833814551036E-006
         972   8.3186218999018836E-006
         973   7.4867595115802940E-006
         974   6.7380833819240084E-006
         975   7.4118918807648355E-006
         976   6.6707025159750792E-006
         977   6.0036321053356295E-006
         978   5.4032687516643231E-006
         979   4.8629417476739252E-006
         980   5.3492360383828843E-006
         981   4.8143123070088706E-006
         982   5.2957436524919080E-006
         983   5.8253181440014668E-006
         984   6.4078500972880207E-006
         985   5.7670649347841673E-006
         986   6.3437715657601268E-006
         987   6.9781488735834396E-006
         988   6.2803338198530619E-006
         989   6.9083673515731944E-006
         990   6.2175304517075620E-006
         991   5.5957772582993280E-006
         992   6.1553551175429872E-006
         993   6.7708907760523884E-006
         994   6.0938015370165340E-006
         995   6.7031818360057380E-006
         996   7.3735001794226209E-006
         997   8.1108503731628268E-006
         998   7.2997651424688022E-006
         999   6.5697884541819588E-006
        1000   5.9128094521277998E-006
