   8.4558787488690612     
   9.3270920985770474     
   2.2904806694007713     
   5.9650302216196494     
   7.2080537884592593     
   5.5372368737104294     
   7.6652397536767092     
   4.4765529572352145     
   7.2384390998259249     
   5.0136408853583738     
   8.9561698706106529     
   8.5934556609884272     
   4.8891041802822208     
   4.4891634662656754     
   7.8827669407880379     
   6.2626818796172028     
   2.3721295740596400     
   1.8928979978328921     
   1.6783296642276695     
   6.9136063694156098     
   1.7172699819008581     
   2.5812674850755513     
   5.9154932767219499     
   8.2169158534336031     
   6.8930683350095947     
   8.2842074142339488     
   4.6228357746760791     
   2.8113135457947025     
  0.74425162433185421     
   5.7548779643878332     
   2.5979467547457409     
   4.0044630730027251     
   7.4611790972895475     
   7.1396607051520640     
   8.1166586592431500     
   5.5863913329727657     
   4.7848656056525822     
   6.2475309582437779     
   7.6289484744868128     
   5.3830578424253535     
   8.6954687612223740     
   8.9561698706106529     
   7.0773333963399825     
   6.3920264074593431     
   7.8397850973165850     
   9.2371390447881243     
   8.2498189985329429     
   8.6578607002946004     
   7.2112190626106578     
   7.3742246687425004     
   8.8774157944578302     
   7.3306190147934673     
   6.3475840986959549     
   2.4767857158785072     
   7.9822535940181663     
   5.0156411930715494     
   9.0331703154487961     
   5.1473931858680988     
   4.5129005213642737     
   8.0787716346977536     
   2.6092899227138795     
   5.1828639965459180     
   9.2856913507921082     
   4.0960040293380908     
   8.9893381753209010     
   9.4023169619336038     
   2.6390631961107629     
   8.5670874985358161     
   7.7859719058078571     
   7.7979702856270467     
   8.2578787429546789     
   6.0606043973456840     
   8.3259783631499165     
   7.4198102603525831     
   4.1584975316005393     
   7.7260547043458079     
   7.5506721231405942     
   6.9703911734839448     
   4.7896675566246909     
   6.9281753387360610     
   7.0048228286598118     
   8.6578607002946004     
   5.2671430766340483     
   8.7922006280391898     
   8.2750818264085808     
   5.9305579286002930     
   6.9688901898553777     
   8.9532547059357146     
   7.7305902965236264     
   3.7226148355780246     
   6.9052401498408784     
   8.0550914629885142     
   8.7673609980598197     
   7.2261558824093788     
   5.2655716044212326     
   8.4650697537964774     
   9.8372094817853544     
   9.8372094817853544     
   8.5231029890738004     
   4.6779278262362638     
   1.8396075405506411     
   5.7328584915267315     
   7.8607601596830019     
   2.3887784415908890     
   8.0585536352757625     
   4.9920261787077962     
   7.8503863853211975     
   5.1876885585923347     
   8.5088984906984457     
   5.3682961864439003     
   8.5934232206755894     
   6.5285252318810185     
   5.4760997232614370     
   7.7572827090674501     
   5.8622741324146848     
   8.9886831098506814     
   8.7058963192891881     
   8.9074233089523958     
   5.0144476413444572     
   4.7816868477022911     
   7.8099065076758079     
   5.3178404353258237     
   7.1317882580425840     
   8.0943928590603367     
   2.0780140012385173     
   7.7548217997298625     
   5.9561739767799313     
   6.3301138399395098     
   8.9893381753209010     
   7.6860906194581249     
   8.3286181795310306     
   5.8683122694674426     
   6.7459840312209876     
   4.9060172481512669     
   4.3929209985606121     
   5.9188789881544013     
   8.2564718938543695     
   9.3349059758549373     
   8.6276536464644540     
   8.3654838533842995     
   6.9902315384282465     
   2.1401508974766417     
   3.6049186760647842     
   4.3578805729515571     
   8.8112845210293891     
   6.6432048875959113     
   7.8567850288191012     
   3.4533048054753066     
   5.4081397794715631     
   5.0844353367090047     
   9.3596852972047646     
   8.5934232206755894     
   3.9529569003678264     
   6.1254901401099557     
   8.0262861233274947     
   9.3596852972047646     
   5.3774893643493238     
   2.9641598378867462     
   8.5297983743165080     
   1.9540098662627350     
   7.7762520121555081     
   7.7859719058078571     
   5.3063414080868245     
   2.5998398839984040     
   5.6399689502012249     
   8.8748818072912350     
   6.4063648456851414     
   6.1084667259560890     
   2.6397956168027221     
   8.5468754338088058     
   6.7156664399673094     
  0.71349422546258323     
   4.2167953349653624     
   6.8937136833414527     
   6.4802144764214349     
   7.7725652348018306     
   4.3151588021672724     
   5.8025756569991405     
   2.6752773573295467     
   7.0724116860285564     
   1.6144598012790801     
   6.2862973258515868     
   5.1671764478606699     
   6.0266155067294802     
   4.9074621065605672     
   8.9329980244124467     
   5.9842486947174658     
   8.8193454037889101     
   2.3328934719842733     
   7.4054230439971400     
   8.2054509946608523     
   4.3203881348566897     
   6.7913039695161732     
   8.1892237185980914     
   3.6331676053712245     
   6.1849288473081501     
   8.3141035456373462     
   5.0877016430756337     
   5.9724787302607583     
   7.1450718938242268     
   8.5501067076327804     
   6.5305269253967513     
   9.0710677455227735     
   7.3985937737477903     
   8.2763360188285020     
   7.8503863853211975     
   7.5989291933495737     
   1.9379810836216131     
   7.3566555989605558     
   8.3286181795310306     
   2.3321089550377461     
   2.3655535130051404     
   7.6072759985151714     
   3.7263611118147990     
   8.3440380257111304     
   4.4887999909372738     
   8.2842074142339488     
   9.0510264089502783     
   8.4430524888425715     
   5.1507127533754096     
   6.0109008687882861     
   7.6081725920893497     
   3.9552871975428641     
   6.7052597139891841     
   7.6430185405995132     
   7.2691964813306154     
   5.1712978121334050     
   9.4003880085519871     
   9.4003880085519871     
   8.8112845210293891     
   4.3867394708027927     
   6.0789178158837558     
   5.2425473656085853     
   2.1946685514810444     
   7.9248204052685960     
   2.0687079281540415     
   7.0822092854932777     
   8.3964754043333834     
   8.3407436732917830     
   7.6769650638645581     
   6.6701001984662502     
   6.7877209442868738     
   5.3508072269240277     
   6.6199984111911547     
   3.3394218056640788     
   8.1077753819899705     
   5.9070300186697517     
   6.2642194773414133     
   2.0912897109282591     
   8.1867540842890492     
   9.0313890397185244     
   7.9088884754200324     
   6.6549374103230434     
   4.6093632151039019     
   6.4025671664565440     
   3.3792130487070051     
   9.5471524187862116     
   5.5106384512366544     
   7.0837668703870511     
   1.6897807671717189     
   6.3794700081095748     
   2.6374953545414810     
   6.3855043749159917     
   6.6453255298016867     
   7.2292728718089068     
   8.9409046860297767     
   2.4658860640570488     
   6.7502334987991999     
   7.0573033058617138     
   2.3558500280669028     
   1.7554299743401682     
   8.6188511311640514     
   8.7392866716652140     
   4.4115780350644300     
   4.6732905273609813     
   5.1244178189653953     
   8.6981825570450635     
   5.1138956655814587     
   4.8044873499443010     
   8.3128532944487485     
   1.3397734395996521     
   6.5225259165472744     
   8.5285669213375215     
   4.0220454144936539     
   4.5706431539606802     
   6.5623629710252818     
   3.2538609680019568     
   6.8399859453918870     
   5.0522565431523301     
   2.1632058079355541     
   8.6260441260500933     
   9.3349059758549373     
   4.9573739235019874     
   9.0313890397185244     
   7.2789412686461041     
   8.7560712700075527     
   8.0016269564051115     
   2.4079437968277313     
  0.82610842505743276     
   9.2371390447881243     
