   7.3643028342118555E-009
   1.0843959663553449E-007
   1.8184594718917424E-008
   7.1276638546891036E-007
   1.1926012799534647E-007
   2.5874090203714672E-007
   6.1333330743096326E-006
   7.2358808100858596E-007
   3.5981660051476183E-007
   3.9224099102064258E-006
   5.3651043647739982E-005
   6.1441569076947644E-006
   9.6414719941151361E-007
   2.4895539133318323E-005
   4.0235010372313695E-006
   2.3195663738739825E-004
   5.3661879504396381E-005
   6.3847197750988016E-006
   7.1226736330309848E-005
   4.6279066232557398E-006
   2.4996842503455241E-005
   4.3987146434965041E-004
   2.3196768163202819E-004
   8.0691531983312359E-005
   5.3902556258478285E-005
   7.1328962086170122E-005
   1.0048736000634051E-005
   2.5602266625845971E-005
   4.2293484695310468E-004
   4.3988386553017733E-004
   6.5933414880703367E-005
   2.3221076003210328E-004
   1.8446505652391920E-003
   8.0795179738579748E-005
   5.7567919472312212E-005
   7.1940448236773591E-005
   3.1027603636601953E-005
   4.2295234396494408E-004
   7.5350874873070239E-004
   4.4014992590657442E-004
   9.1423374157333370E-003
   6.6036958306092686E-005
   2.3589305145943484E-004
   8.1434696109994320E-005
   7.8561647828045977E-005
   7.7406726914475144E-005
   1.8446792633577402E-003
   3.6865544510273907E-003
   2.2549756612042060E-002
   4.2333582641873591E-004
   7.5361378973148874E-004
   4.4400044852110909E-004
   6.6770913988989378E-005
   9.1423760496329720E-003
   2.5695275255799288E-004
   8.7201281695925559E-005
   1.2508227150753726E-004
   3.1227504783881699E-002
   9.3387048424329322E-003
   1.8453562994817929E-003
   3.6866889852564810E-003
   3.3445324944381127E-003
   1.9633380358204278E-002
   2.1318647945438585E-002
   7.5450490469641807E-004
   1.5043592344877510E-002
   4.6559275446611537E-004
   7.3745713530470880E-005
   3.0367143638265759E-004
   1.3603950976026624E-004
   9.1433064059032176E-003
   9.3390369156214348E-003
   3.0907207757042698E-003
   3.1227797295434456E-002
   1.8525102177768815E-003
   1.6166967567974311E-002
   3.6879686053534755E-003
   4.5278298968831621E-004
   7.6369568135525867E-004
   2.2551588229873687E-002
   6.1431100101430047E-003
   5.1299974348850697E-004
   1.2779833762266435E-004
   2.8157587478840895E-003
   1.2545760438429809E-002
   2.1320707117350679E-002
   1.0711494599823013E-002
   9.1540828994602919E-003
   9.3452009064840524E-003
   3.1981260784421650E-002
   2.2721851860898923E-002
   1.0403959511386063E-002
   3.1026371349849313E-003
   9.9542043764611066E-003
   5.7217436373999675E-003
   7.4293849937596690E-003
   5.0928269011052407E-004
   8.3460874030905075E-004
   6.7792807783817466E-003
   1.1154336162039868E-002
   4.7711984648920236E-002
   2.2583147767315737E-002
   1.5097031771059477E-002
   9.3530795474627837E-004
   6.2012167671170459E-003
   2.1385153638256327E-002
   1.0798809765429240E-002
   3.7572906984513210E-002
   5.0692247448180794E-002
   2.4190244797056337E-002
   5.9701770237339247E-003
   2.0234028668681958E-003
   3.8820851101775133E-003
   3.2330033944672820E-002
   3.1407816006382205E-002
   3.6491175944608045E-002
   3.1862565445420543E-002
   1.4912830739932659E-002
   3.8282937451707966E-003
   1.3433852030114934E-002
   2.1464816051850022E-002
   1.9259441189536375E-002
   1.7691980798309359E-002
   6.2568137424939607E-002
   3.6229288446140373E-002
   7.3824933088086908E-002
   6.6919536401057300E-002
   4.0357179114476338E-003
   4.4096396412792060E-002
   1.2229335315941725E-002
   2.5782607694191384E-002
   2.2738239307756203E-002
   3.4915775596468634E-002
   2.4951808059569203E-002
  0.10746452906452397     
   2.9457416580463303E-002
   2.9371596807402867E-002
   8.3469343456997080E-002
   7.9652944199237297E-002
   7.5129490047759262E-002
   7.5227082993247762E-003
   2.4234707571997305E-002
   6.7941630041515211E-002
   4.1527478466541368E-002
   8.3449010463532147E-002
   7.9768498439209523E-002
  0.10043642418029641     
   6.2621572306845508E-002
  0.14570023267526722     
  0.14688531815070327     
  0.15424296010913352     
  0.15355815912372961     
  0.15799473541144771     
  0.15900725524345027     
  0.22571660775068025     
  0.22021408709619550     
  0.20783159062284717     
  0.21338784887670492     
  0.12317426950428612     
   9.3751659696566847E-002
   9.5963489957492598E-002
  0.12212270912375445     
  0.12067668479178550     
  0.12231214731774642     
   9.7160946713358953E-002
  0.11322330808486569     
   5.9511284306886125E-002
  0.12173703996195684     
  0.23125100217190564     
  0.23540181055218312     
  0.22054506325593870     
  0.20078284351780873     
  0.14378838399452043     
  0.14757729388728080     
  0.13809836593469704     
  0.14130415417352893     
  0.15077455519936933     
  0.11831014960998054     
  0.14486621007335110     
   8.0187416123369104E-002
   9.7756414848628737E-002
  0.19499343091560029     
  0.19110902878461644     
  0.19506665950883217     
  0.17365386773741243     
  0.13966015891981520     
  0.16709072121440371     
  0.17125348880942681     
  0.16164570310367665     
  0.16187892516174962     
  0.13731621223184654     
  0.17462805806720993     
  0.11928497174604402     
  0.11044875338883386     
  0.21096157300957152     
  0.21613497667339310     
  0.17522501764861431     
  0.23286406997595144     
  0.23521570344340681     
  0.24377676008829319     
  0.18104429663533850     
  0.11676218858427312     
   9.2568079153780403E-002
  0.18029690461852077     
  0.20397955094929365     
  0.18124517672337426     
  0.14591086120023355     
  0.15384882365814434     
  0.10939156547442153     
  0.11967442010463536     
  0.13908943446877586     
  0.15967077301436738     
  0.14820335671708484     
  0.12518449156783795     
  0.12348585581317373     
  0.14307728923907348     
  0.14903301503849065     
  0.14450002537863860     
  0.13639304397498186     
  0.12319314043402585     
  0.18098493809479521     
  0.21378551047097538     
  0.21215262646318145     
  0.26598265337398708     
  0.21544901122014792     
  0.25715137848829350     
  0.27820550186917714     
  0.20296490932699740     
  0.18280545898489109     
  0.16585022655727499     
  0.19918556408274490     
  0.20009610151138446     
  0.13991652327869275     
   8.5532820634556472E-002
  0.12236093912577495     
  0.15895322258157307     
  0.15090237586444566     
  0.15526795988212783     
  0.16159419508041850     
  0.15908900995758124     
  0.18693510821019643     
  0.18024524236103723     
  0.19629745772847329     
  0.20130740141733128     
  0.13123223211485779     
  0.14056033652199140     
  0.13475061865724491     
  0.15422144654269232     
  0.20617647763110547     
  0.17293172363354259     
  0.15350646986562388     
  0.17843446605810698     
  0.19497603345403114     
  0.19121600950835926     
  0.25414425300881938     
  0.16742083947120356     
  0.16775803193911365     
  0.16908687458277782     
  0.14708107576602103     
  0.15787854749137153     
  0.18430898925685923     
  0.14851366989361914     
  0.19460271752968517     
  0.19807288358161834     
  0.19286581822366244     
  0.19384008025792276     
  0.26148500578265832     
  0.26245079779330283     
  0.17231290086527551     
  0.16998567721823221     
  0.17410139095030530     
  0.17409345991894476     
  0.17708504243812229     
  0.20753696813006250     
  0.18278062659111605     
  0.17271828218939156     
  0.17772884793273214     
  0.16585015155187044     
  0.17052178030494325     
  0.16395008027728331     
  0.19197557118620878     
  0.18948774365039611     
  0.16321602896234211     
  0.19513733709931103     
  0.18740278762934182     
  0.20460926760934051     
  0.26154483616969770     
  0.30210174871376161     
  0.28979130035664014     
  0.24721053256805270     
  0.22316989422335709     
  0.21685562753082266     
  0.18980017480375544     
  0.22677391408546299     
  0.23954619358875462     
  0.25815673501929837     
  0.19591168544699755     
  0.15164817784421913     
  0.17176957595125231     
  0.17001409389486710     
  0.18740384491854556     
  0.20509653283312090     
  0.21062945748644779     
  0.21356751169894395     
  0.22681986818728461     
  0.25163935575260510     
  0.25230924600845128     
  0.28266590846136452     
  0.26975182726457092     
  0.26581239227141396     
  0.26658140810828002     
  0.22057636925753954     
  0.22914033930240407     
  0.26234554506089935     
  0.25531350063017300     
  0.23479798864572388     
  0.29596372198009746     
  0.26015894353017543     
  0.21283741086687158     
  0.22787017007781785     
  0.30204404321869660     
  0.30706062190674288     
  0.30292278819140961     
  0.25218883962697092     
  0.26912887706919264     
  0.25651574793997156     
  0.25091440562720635     
  0.25720400156108525     
  0.30988527200918980     
  0.36491720576544751     
  0.38948348478514205     
  0.36296036067314219     
  0.35418789290517694     
  0.27486309481141191     
  0.26181523803462170     
  0.27219541081549892     
  0.28142001898142865     
  0.33109711523595919     
  0.35461649968367936     
  0.34954973139609535     
  0.32817172835443742     
  0.37827508319886149     
  0.37281972072506875     
  0.36565897038424566     
  0.34807253593424292     
  0.35793899485170400     
  0.36834017941356478     
  0.37097987671616295     
  0.33526942666849280     
  0.35923011149682083     
  0.34796712585438883     
  0.36477921621031584     
  0.36639964044199047     
  0.44032450261737566     
  0.43910854985473335     
  0.39774823119698866     
  0.44601546203372422     
  0.43942752179032496     
  0.48835257189334058     
  0.46255954607928018     
  0.42704962903718879     
  0.44461838165593193     
  0.43815400402293747     
  0.50433497494610435     
  0.48894633711289615     
  0.55509570644502304     
  0.54909439901105372     
  0.55182731986352707     
  0.58569946681719642     
  0.47528038770820658     
  0.45915499812877769     
  0.42332752076943692     
  0.41789279818183900     
  0.45185268270736145     
  0.48342945714925278     
  0.51627617479943311     
  0.57428496844930876     
  0.56420820155622664     
  0.57315350560036293     
  0.57434337368352217     
  0.55358937597639013     
  0.57157154699719115     
  0.65339512775995345     
  0.66510292257697401     
  0.72633142786447280     
  0.72604564806602667     
  0.74776951280041004     
  0.74778524789407541     
  0.75096222904618415     
  0.73747018654280794     
  0.69830605790638600     
  0.66104759846007966     
  0.70272993311311893     
  0.70871268020811939     
  0.67817275579415792     
  0.70014735102850878     
  0.69761751083261814     
  0.76760877824808560     
  0.76171769217564389     
  0.77267759726361618     
  0.84291515949768581     
  0.89905082575977602     
  0.87292996929367206     
  0.86349369128241449     
  0.83114282457367494     
  0.84104827702782714     
  0.85039075310838541     
  0.86500116843429353     
  0.95109673286340879     
  0.95680052664176785     
  0.98475080002245008     
  0.98662570731121235     
   1.0163962980800747     
   1.0586848586777542     
   1.1128383408273343     
   1.1279788163077633     
   1.1302505589151970     
   1.1445088305126347     
   1.0949788159980898     
   1.1063974697086536     
   1.1572470568242821     
   1.2036741512096008     
   1.1150723936879352     
   1.1614118038377441     
   1.2020796851765887     
   1.2163817412236781     
   1.2201687287254295     
   1.2272483816031112     
   1.2582824129931645     
   1.3376338447291083     
   1.3432816620726022     
   1.3931377655722805     
   1.3979218021355706     
   1.4533891674600916     
   1.4759732338136295     
   1.4564242369659048     
   1.5541693075059655     
   1.5421188150005918     
   1.5717174977905408     
   1.6631990716557929     
   1.6903670481524244     
   1.6985830865150007     
   1.6616419639073960     
   1.6674027539629392     
   1.7551788941838922     
   1.8834325642914251     
   1.9059618930298114     
   1.9195759417708871     
   2.0074129417542643     
   1.9885430398132726     
   2.0715703346708310     
   2.0770019178475607     
   2.1028254106356954     
   2.1257506657403766     
   2.1117088549081870     
   2.1907366316731753     
   2.2347137288389263     
   2.2962212468049295     
   2.3174520374818535     
   2.3478468516504911     
   2.4448261011924579     
   2.5367330483349377     
   2.5809820338155944     
   2.6137965484998098     
   2.6765609476428516     
   2.6841717081480567     
   2.9221703801675609     
   2.9516060148007313     
   3.1344343253811360     
   3.1947704305510669     
   3.2413306897818828     
   3.2242702978204854     
   3.2731253900729804     
   3.4011480284202200     
   3.4265310178975312     
   3.4809236678806563     
   3.7013000056872158     
   3.7939226426162449     
   4.0296198352633290     
   4.1498957393163352     
   4.3681955432579578     
   4.7257975107136936     
