 -0.76655116279853575        8.0649528610741665     
 -0.12618879877702893       -1.3420148668364908     
   3.0052774388728758        2.8826166217603566     
   7.3583636110575803        2.6376910090419843     
  0.29842293863474012      -0.24293465291845173     
   1.0557257683396757       -2.4597394729603645     
   9.9671331625596924      -0.26211557439639632     
   2.4698895393950981       -1.4177996265220769     
   1.3849721027289896        1.0588194935392705     
 -0.41427934136767863       -1.2069436225827119     
 -0.31746351396465355      -0.41046591813490618     
  0.34393000357511339       -1.4491865889405320     
   2.6421274345877461       -1.9379647558330553     
   15.626326489447379        4.5047433886775679E-002
  -2.0427433146522684        4.8544958290838967     
   9.8972408377209913       -1.7470274011207865     
   1.1801903104973106        5.8051586331044120     
   7.9318205644935524E-002   11.289560852616347     
   4.4255148620219344       -1.1681123165137257     
 -0.62631325550220618        4.4879792700735184     
   1.2625018940946391       -1.5976039988380557     
 -0.61724810312364564        2.5057718742618533     
   2.9580479949805762       -2.2875806427719581     
   2.4213909741698001       0.89081876520971903     
  -1.8841937995512472        3.3100292531552586     
  -2.5223805270018991        1.4815374938032075     
  -2.7965107349295657       -1.1893052227620844     
  -4.0704411847204192E-002   2.2401898845672337     
 -0.96897601541178924      -0.91889446961847110     
   3.1413453760750669       -1.7621843530579038     
   2.5495722288026443        2.5214653554710811     
 -0.92999586018397951      -0.58503913004780950     
  -1.3419163842657640        4.0205281417473815     
   6.3250268914254804       -1.8448098609628967     
  -1.1004207249009150       -1.4053923871045253     
 -0.20260803332829314       -2.1661908949569924     
  0.87614509972039434        8.8533155602813043     
   13.062610745266710       -1.2269964041278358     
   2.7740254016957997       -2.7738102956219572     
   9.7679717648027200      -0.32509069771034804     
   6.6083083172236989E-002 -0.51287594294896843     
  0.97985044293112589        1.5023280030974835     
 -0.98107799383716765        1.8713595430708789     
  -1.8455309246566871        6.3224063844982918     
   2.0416064152700124        4.5797593086838937     
   1.1568475431225171        3.5560614574973588     
  -2.4235250403136983        1.7313254030500795     
   2.8763256462878535       -1.1208642074885087     
   2.0162239886100433       -2.3945846994784645     
  0.72534628990304251        2.9556852020058839     
  -2.1871058662808429        2.3290190121810026     
   1.5727567342508686        12.367213428729480     
   1.0767115960960436        3.2097318123501317     
   1.2580146436672517        6.8763728579522212     
   16.388841781769987       -1.1586895211722879     
   7.4455250511774373      -0.61142966361973716     
   7.3519726786306947        3.0696976723293314     
  -1.8669246842700897       -2.2054581310595687     
  -2.4441935877368159        1.5223472515631000     
  -1.2084320154914621       -3.2634938556611663     
 -0.23791680184278574        12.790669156742569     
   1.1428872084595345        4.4894882586513294     
   3.4403594272818823       0.14574727164598578     
   1.2879296465165004        6.2278431002888439     
   3.3446314181642838        4.4830499073860057     
   2.0929151777326642        9.3085941807464376     
  -2.0407943068908780      -0.85756246720035723     
   1.9855837735705086        2.0869101781412098     
  0.76360123294056725        1.2955295017784527     
   3.7862856420477464        2.4158026219448505     
   3.6365293247539294        3.8110469940677998     
  -2.6060972092179044       0.25707709560888237     
   10.528945981220973        3.1071205890590283     
   2.9084162857079581       0.46525045318769553     
   1.9794194699530876        2.1580003066958300     
   2.1186602104877754       -1.2414491613953080     
  -1.0751742755266243       -2.1578411581597754     
   1.0061847105908437       -1.2253532832319980     
   4.7801889488331089        5.0262857953977278     
   2.1171191345834202      -0.91865973806192258     
   5.9505907724290434       0.31857676342453001     
  -1.4755820560876374        8.0102604083984197     
   2.7057602182534612E-002   3.5849669720323032     
   6.6729021139527358        3.9562452283326612     
   2.7335494963255278        2.6814516777984840     
 -0.49436996263225952       0.54874782115986775     
   2.8996230879007538        7.6180575104857571     
   13.976876688406421       0.35747513565253008     
   12.728061296735941       0.57959825430621237     
  -2.3041369834880578        5.9062608678177053     
 -0.16693665871865804       0.52862797345572954     
   2.8151358677325713        4.8809534288148395     
  0.79614512997959919        5.0011359857675561     
   2.6962010685258586        3.1619136409732969     
  -1.9103467641633940        1.6424627423568037     
   1.3313517264098054        1.8431246901260723     
   2.0130511852775475        5.6653592246401612     
   2.3740255529918222        3.9711339156337235     
   9.7922210474153690       0.57114791827047462     
   2.0193967919425391        1.6924940969810933     
  -1.1193215676102137        10.925089811455889     
   1.5084848038868750        12.797845235757043     
  0.16104055433765740       -1.2753175716972738     
   5.1853106086309744        3.7637653519630749     
  0.24806601717183696        1.0982879281188875     
  0.65708569249248283       -1.1315277267717017     
  -1.3800353500176108       0.78012606975745324     
 -0.59100448698771357       -2.0012416768625689     
 -0.69178631855635864      -0.66161191710180756     
  -3.3098023254846023       0.96192566030409310     
   2.1815043793521460      -0.30213730478787726     
   6.4399503607046800        1.4405097710265196     
   6.0080865013900624      -0.31850144758724275     
   1.1651194946679539      -0.33459732575055323     
 -0.32301591979652144        1.3501045886759266     
   7.6808389733615812E-003   1.5775930000507126     
 -0.80383160195536529        2.1865537238959520     
  0.70751060259822429      -0.55403779804368369     
   2.0014704531139365       -2.0175555200426740     
   7.8176722191982897      -0.99814990303302098     
   5.4737864201977118        3.5859561978777563     
  0.28851925966116276        1.0889489654762166     
   4.3206990376448289       -2.2289480532541495     
   14.973340900738727       -8.2533959894366404E-003
  0.74032645420861298        9.0387031903351804     
 -0.98857940743042594        11.021715380055012     
 -0.59116312715433805        12.929613471679394     
   3.0577420082637938      -0.45223136866074576     
   6.6925055059713721       -1.4930981565548129     
   4.6503079781292858       -2.4545586121765490     
   4.1629653862578770        4.2928335138831351     
   1.5826604132244459       -2.4127093289519421     
   4.8294353891296389       0.83919458930885149     
  0.45205460857039226        9.0523846867739941     
   3.3819118573211138        1.3907466810382854     
 -0.34848899798027633        10.708985880573694     
   1.8358501191576377        2.2640151375568838     
 -0.81407522414313860        5.5808390977430289     
  0.46519907951930550        9.8194203474147450     
   4.3777188461059744      -0.33010389309662891     
   1.7785583561251355       -2.8024307789810932     
 -0.70456818341012895       0.71720124606276237     
 -0.42318585357961425      -0.62412193421309725     
   5.4339904012558318       -1.5504397225116060     
  -1.9559218177466065       -1.8712842272335917     
   4.4694581881770059        3.8137799400476116     
   4.3410956304965893        5.9926253140877179     
   3.0647221755952851        6.7652274659266123     
   4.0771183932329116       -1.6196519986138402     
   7.0243807345504692       0.56080296324259660     
   4.8603475587405303       -1.2633965619325718     
  -1.9276385423254980      -0.53371675186250433     
   2.2495836737151342       -1.0144469796733726     
   8.0150205864795492      -0.90392194961864147     
  -1.1777691375709818        2.4976736355609379     
   9.0272355010696028        2.0986299894288702     
   11.472651006710057        1.3796807648010088     
  -1.2163866867036490        6.9558294898438131     
   2.3821162014896875        2.4586411310149110     
   1.8135498443063791        1.5401030171620018     
   1.3229437975786902        3.3205754066601783     
   1.5753176397978117        3.3570593971636811     
  0.31997533841476766        2.5442175499165103     
  -1.3277067579123707        2.9734409676047857     
  -1.4669474984470585        12.897086384557705     
  0.52013390293338135       -2.8060523515678382     
   1.4832156916316381       -1.9218521111299913     
  -1.7961938328363722        3.5775729280010324     
  -1.4582902779255331      -0.81026405855587980     
   4.9852200327551994        2.8086258818283891     
   2.1061276373244158      -0.50390584418087325     
   1.4683035159689060        8.4097232180243235     
   5.6687325220986526        3.3448868893026775     
   1.7525866945605606        1.7181301362641150     
  -2.2259273813420277        1.0410301948608618     
   4.4743080446995354        3.4130261068606913     
  0.90336321973702249        6.7802838186252092     
   1.8475894914878732       -1.3631574734655891     
  0.44647953985757782        1.7079360800940186     
   7.8003124523933458        4.4829996077667449     
  0.82667203061440153        3.1009002028104993     
   2.6309999600430634      -0.49169980324036322     
 -0.60779768176899651        7.3105088717882563     
   13.920378126207044       0.64198654872879324     
   7.4108735062103914       0.42737483988465552     
   6.6276443407027728      -0.15207677399451569     
   3.4599174935386263        6.8957717444469608     
  -1.6078652921717800        8.3444007791448893     
 -0.74486278573282982        5.7422338094097221     
  0.79548790643215339        4.0661163633370077     
 -0.16795648836124588        1.1101083386450687     
 -0.82935000590101282        7.3338478951250572     
  -1.6082278982669225        1.3730076819791366     
   1.1069665421594883        8.4981164156045033     
   5.4582396838684808        3.8539190362173663     
   2.9221726544424231        10.542829471617022     
  0.28675155494734383       -2.1353572283504016     
   2.4826940671298146       0.44212939486769010     
   1.9373345000356212      -0.83695638984336940     
  -1.3290212050072618        5.4254132742285641     
   8.9515868044705158       -1.0816137379256863     
   11.334543410222690        1.2801210517450334     
  -2.4212814151000046        2.6836816275856927     
   2.5036345691242894       -7.6761477422025770E-002
   11.893682008932295      -0.36219505018472908     
  0.32400933122322684        2.9060730108754305     
 -0.30257400118286792        10.649263465971913     
   2.0957027120890719        5.4132742994470675     
   1.3197256684843013        7.3801906110035880     
   4.7514297529121272        2.4720208297381623     
   12.525704432765526       0.60060672861728293     
 -0.36584876478521933        2.2747121899195832     
   15.722258464493493      -0.67405268959886611     
 -0.88945196617086797        5.9692527576714109     
   2.3682011925885971        3.9840944508631386     
   3.7432035053686383        3.9197109382098976     
   1.0164056698976700       -3.3910994609365197E-003
   5.2726760146793499        3.8032840861619528     
  -1.8358538744925739        1.0208432809977097     
   2.4457988969490745        3.9481469896317458     
   2.5850396374837614        7.5536236982132561     
 -0.29586578842273337        1.5136454174310607     
   9.4016716200660397       -1.3170830222231134     
   4.3614468975864575        1.0769105899332407     
  -2.1596611174547515        1.5404718810365781     
  -2.5512757002085609       0.12618071975371148     
   7.0091966043163794        4.2225817123161864     
  -1.5439559679029289        13.001273662585630     
 -0.88836414788544094       0.15461677117555972     
   2.1691417777958839        2.0130284207176397     
   3.0161896160485679        1.6610652182132544     
  0.49390161823792189      -0.58913854901752760     
  0.32057590475984732       -1.9470941367288077     
   2.3337649449905409        5.8347264259596194     
   3.0836343497450573        10.550818727809540     
   3.3508750418650179       -2.2499649108350965     
 -0.40717452819098154       0.68270409052004233     
   1.5211646857763861       -2.6518253356457446     
   2.3769150703124882       -1.4864837566220777     
  0.45075149291597461        2.5482163696477080     
   3.6068749450355635        2.1361618886669635     
   1.0410742158078281      -0.24280890387030052     
  0.47540870738565877      -0.38230651461898990     
   1.7074603125645016E-002   4.7383288584021308     
   2.7516623675194474E-003  0.91193622202918689     
  -2.0800577481305176        2.6159531902516386     
   9.3608897658029910      -0.45728648039641051     
  0.96220739011435219       -1.2915894985279954     
  -2.0231285911931587        1.6756856408782612     
   1.0046323032460154        4.5273387221447390     
  0.24170907906637185        1.2459256939178758     
 -0.57197899843320998      -0.60724641195125173     
   2.0706942229647178        3.9918825085786152     
   1.6413686063160973        2.6784588504524942     
  0.88578815556308799        2.4003354890222939     
   1.4800995455015076        7.3538419937810442     
   5.3324267002945351        5.8086376901032537     
   3.1683935244845967        5.5468114053134059     
  0.60404321963743124       -3.5098027079091980     
  0.37052489436571490        1.8415402521193709     
   1.5598728864328391        1.6054673723908204     
  0.66858710457278070        5.2672796545439162     
 -0.46564476103269614        5.5269598222453222     
   1.0993631456019712        1.9461634601808884     
   5.9785907618383209       -1.2601354699505265     
  -1.9088170196995120       -1.9061167135713801     
   8.8923120393552040        1.9087405434511915     
   2.9970621445298051       -3.0439611673993916     
  0.74600350588568665       -1.4472500535990087     
   3.1856173140038613        6.5762493752160811E-002
   10.802883554660594      -0.68832939819892758     
   1.2982525887875860      -0.22798728272825253     
  -1.8810776534211171        1.3343859576570685     
   3.1344898545887809       -1.2645618364454365     
   7.6300802221644553        1.7716573144269994     
   4.1055489773801703        2.2159035517343639     
   1.5049380630187632        2.1837750070852202E-003
  -1.6627887841453828        1.7791687242365439     
   1.3251307655900182        9.5093148114048436     
   13.803856923821122      -0.41915936899706940     
   7.2595421186907991       -1.8956879258447352     
  0.35552206717919743       -1.9729481410286249     
  0.10314822496007592        4.7422522287044373     
 -0.77725937404570988        4.6167043790306170     
   5.0766534259334541        4.4407227777784257     
   3.3365067753449993        1.5850457269711198     
   2.9129828562186577        4.5681484799046324     
  -2.0996838030301008      -0.78855977284504108     
  -1.0408740052142464        2.1408900528774364     
 -0.92121399381724922        9.2933617793804295     
  -1.7695309534029313        2.3862180625498910     
   5.7465681867090677        1.7960358632285125     
  -2.5368054507242839      -0.74389371094185508     
   2.2350907613499111        1.1897577857438240     
   1.7361447744339462        10.109020405306179     
  0.57653048216850022        11.063505980390481     
   4.6870331767029274        1.4639242437922100     
  -2.1604203239664557       -2.5160498967223202     
   1.9036687903897422      -0.62532074180546893     
   1.8750229088734920       -2.2115695347997004     
   3.1688014563416318        8.4031255846313417     
  -1.2869022407683759        5.1066897367853894     
   5.9057522624765877        1.4808249158636855     
   1.3050061273096136        2.3607329221246491     
   3.2919968771662682        8.2946796055060386     
   1.8256178284103375        9.1563456165152513     
 -0.27169582589339658        2.1406888544003948     
 -0.12085169031415166       0.98178562664205238     
   5.5829421862760533        2.3322298045437879     
  0.98799774863135648       0.58099826037562519     
   1.0025019924370535        7.6996686427356664     
   7.9630885947908716       -1.8323104055767012     
   2.7274191870295259        6.0790819763263730     
  0.33566938347015007        12.220196024901368     
   2.6367676632439223      -0.98539894955052354     
  -1.4505282412013911        2.5535481292893047     
   15.055301209681385        1.5792109711369200     
   1.4443375193680867      -0.50668070651006891     
  -1.0866530247259765        4.7588175699808453     
  -2.5276496468219376      -0.89888360442273063     
   1.6017085646598956        3.0317298430576480     
  -2.1055761520761651       -1.9258006312419287     
   3.0082576077173271      -0.38140112147230365     
   1.0429325720454323       -3.0951661798064229     
  0.21256461416929984        4.5466202428612039     
   4.6088009116759512       -6.2166204566649341E-002
   6.7003128684574076        3.3308449122591650     
   3.9531864287775167        1.5386527114733290     
  -1.2683413412732731        1.0064156735398679     
   7.0846526664274219       0.57826531439581341     
   14.180853948364504       0.45218093544988225     
   13.580378254808661        1.6904904954805557     
   1.1719976790351860        2.0757185128557829     
   11.156719114876754       -1.4997125564875482     
 -0.87128766709232774        1.7127564602731349     
   7.2946015955148802      -0.44838344778732964     
   1.4696972831471098        3.1742621975017116     
   6.7238596017607186       -1.2880517586400178     
   4.4613788711196136        2.5493397278111889     
  0.27690453317613262        6.0764831626645890     
   9.3159492728862787      -0.71383130516392201     
   3.5584896942149968      -0.98048635340276302     
   1.2610174753926491        5.8012436460719830     
   3.0189318246430825       -2.2209420305218779     
  0.94591277871389012        3.5824268412596556     
   3.7684386233024560        4.5159877747316539     
  0.28306883679355366      -0.35247884039760580     
   4.4515885065507685        3.1692993017346911     
   10.091563710395906       0.86061384384388173     
   8.7949749656904128        3.4637868059642560     
   3.6227616245789904       0.35835537898958592     
   1.9011078848427991       -1.6128531667438168     
   5.1297525559908710        1.2178752729103568     
 -0.62553138610955550      -0.29299115735237136     
  -1.1418824655923556      -0.18568530293030250     
  0.34335210011098027        3.1107505449156498     
 -0.23029074240432212       -2.6896674158692768     
  0.79370887027786052       0.98663115663079903     
   11.745863367959394       -1.0940293606131144     
   2.9940026556020407        7.8531327810989779     
   5.7614123737289606      -0.56393843976809466     
   2.3036006504508806        2.8870178384456366     
  -1.1494971935903466        5.6273410957492178     
   5.2867609951875369       0.13381787861140726     
   2.1538443331570636       -1.3255417415287281     
   3.3475435983658968       -1.0218661735142733     
  -1.4854517407397947        5.8243814709317405     
 -0.90383156413135968        7.0573257382413122     
  -1.3099503906908656        8.3707493963674331     
  0.56399790900514057        2.7007080487053194     
   3.3553396294114584       0.24286745316783431     
  -2.8988902996049326        2.1228660226424791     
   1.0375614692611355        1.7859256397571830     
  0.26122181956122281        4.1233154137058960     
   2.2744108597919168        4.0245940276375931     
   3.1606201563199812       0.54037293455302038     
   3.5174245539401183       -2.1143739038489606     
   1.6202694641549980        10.826712139452532     
   8.4713490257758064       0.39390044326689644     
  0.56073445414885859       0.99266711094204041     
   4.1635886154839046       -1.0718975281385630     
  -2.1269472488086216        5.9682719150958334     
  -1.3944829366209412        4.0528624136619067     
  0.57229252343152348       0.94957710377567839     
   1.8486659783328272        3.6451001668580449     
   5.3043020650400514       -1.8570075186335302     
  -2.1711851924159964        6.4935340724918600     
   3.4550109798137298      -0.71205405195005644     
   7.2348169155782749       0.57776231820320945     
  0.75468338928815859        13.375863310487295     
   6.8319615438750514       -1.3228926282476832     
 -0.53184303627713359        9.1619624073326555     
   1.7830342751120498        2.8910082749069570     
   1.5125301281358081       -3.2077199611713207     
  -2.2310151981144948      -0.74075836800796013     
  -2.6052246883014680        3.4162704323029836     
   11.852786840264514      -0.51528194140358785     
   1.0906379364376071        4.6740291784476575     
   2.4264787909422671        6.2589366482616136     
  0.16744281820501561       0.57548206879674080     
