  0.17432776813277057     
   7.3903477710622320E-002
  0.18744512356618781     
  0.17925508117431965     
  0.17350321502588656     
  0.10242544197767781     
   9.0811755759494073E-002
   6.2600564648967058E-002
   8.5669271050433260E-002
  0.17609487098197707     
  0.13934245083208904     
  0.18448311240683268     
  0.11981760917392395     
  0.11455312937737461     
  0.10063030782259354     
  0.18015161766661913     
  0.11402952114708695     
   3.6308568214733772E-002
   4.2497365574220639E-002
  0.17534521737487752     
  0.16428234971352418     
   9.4563931498919673E-002
   7.4876835344934820E-002
  0.14188973927048734     
   3.0471024007113535E-002
  0.11199859442593953     
  0.15868810604973893     
  0.10371845922961205     
   5.5473018634358821E-002
  0.18837307230072289     
  0.14467956028568124     
   5.6144588036663265E-002
   7.0264639160172920E-002
  0.14481134357297359     
   4.0444278574022614E-002
  0.15331030448739763     
  0.14482786153645952     
  0.17558258196623378     
   8.9685751399071631E-002
  0.20037109025732691     
  0.19346091589180531     
  0.17764567438645024     
   7.7091859423101372E-002
   8.0514324515548061E-002
  0.16603326965624796     
  0.12117898766782741     
   8.7395569598429090E-002
  0.15927421931969260     
  0.19457866742993982     
  0.11400803311250075     
  0.18451154636624570     
  0.10593966574740633     
   7.3042619542557127E-002
  0.13117129483919152     
   9.2149927276980931E-002
  0.12730076217492103     
  0.13243513763711148     
  0.12565233107108373     
  0.17066260300037736     
  0.11868147542062721     
   9.2318972220426648E-002
  0.13705554129157752     
   9.5529072611868465E-002
  0.15283283245355564     
   4.3000572423267339E-002
   9.3426420787644363E-002
   3.6354991743809059E-002
  0.13014371854292417     
   6.6450327246478175E-002
  0.11616733090550561     
   3.7206806854001816E-002
  0.16232861240655994     
  0.15071156220619061     
  0.17982061466435212     
  0.11561055031982684     
  0.18950388596028059     
   9.9245981766139094E-002
  0.17335043376089998     
   5.8629906596121883E-002
   7.8214196542926800E-002
   4.8980838636584166E-002
  0.10276360084144853     
   4.0509818397015923E-002
  0.16755496034446182     
  0.10428133164593083     
   7.7865066406393263E-002
  0.19446795234202591     
  0.16974316238518727     
   5.4141840565731451E-002
   9.3485011926887254E-002
   7.7284716705683751E-002
  0.10975948693994483     
   7.6969444476294765E-002
  0.17216527534282910     
  0.16205032724859281     
   8.8480035400020002E-002
  0.18208459123471085     
  0.12482629908017721     
  0.13863548350054769     
   7.3560325849905489E-002
   5.8739494227715086E-002
  0.18594435368225307     
   2.3996782670076482E-002
  0.17748494311492277     
  0.17705556268677694     
   4.9271592448966110E-002
  0.17405288705612701     
   6.0628593588038203E-002
   6.8501086524850791E-002
  0.18131016547163570     
   8.9095044802224521E-002
  0.12219334347199412     
   9.0859292795824498E-002
  0.15620589399448304     
   4.9954438370183027E-002
  0.10882430956072676     
   4.5628862997648983E-002
  0.10102757170738559     
  0.19189712143153259     
  0.17645082092181624     
   3.8758657424437681E-002
   5.8912916696359216E-002
  0.14595276465979440     
  0.14832260144885046     
  0.14278810665021133     
   7.8854935047609584E-002
   6.2063594715029320E-002
   7.0356259660897855E-002
  0.18842610943326205     
  0.16781289070367397     
  0.11216962963337443     
   7.2316121670445571E-002
   2.7238581073331485E-002
  0.18087468583989019     
  0.18587096137092360     
  0.14799529044332579     
  0.16599702166926419     
   5.8574156699258584E-002
   3.2210512090419481E-002
   3.1558786433758222E-002
   3.1952071535412588E-002
  0.17439331146554427     
  0.15275641246517138     
  0.12858438098990058     
   5.3604090182951300E-002
  0.15421036973732902     
   8.6504358373514140E-002
   9.7384370801552544E-002
  0.10906605689139703     
   7.1945693919940323E-002
   8.3747268192381583E-002
  0.10399641996231747     
  0.10715994665005299     
   7.1182902187819391E-002
  0.10703947004533756     
   6.5376281270753511E-002
  0.14848901952142587     
  0.12651983334369946     
   5.0757548639564672E-002
   7.3347481019693489E-002
  0.18514709777419194     
  0.14267573576024706     
  0.14238725187325929     
   8.9349321681381377E-002
  0.16765599500134773     
  0.17299207221315432     
  0.19659660225668960     
   7.2322484946859056E-002
   6.7321936694378706E-002
   7.3542853799564392E-002
   2.5767397992961811E-002
  0.17045212855829736     
  0.11110430323016073     
   5.6658853876182365E-002
  0.15232184377984490     
  0.10052939738246544     
  0.19716983588672038     
  0.12757651692480518     
   2.5803782818963786E-002
  0.17895781935630192     
  0.10268620221944158     
  0.17221794132790891     
   7.5865697303513308E-002
  0.15502029525695157     
  0.16243890703094357     
  0.15302919924812425     
   5.1111728827959703E-002
  0.18546343792487341     
  0.16701466372826979     
  0.13689236793211745     
   9.4142059360989461E-002
   8.3747065194388196E-002
   6.7744490409686345E-002
  0.10822972421748725     
   9.8714148268454052E-002
  0.13094046671437773     
  0.10824472429541342     
  0.15205937394049163     
  0.17712483488524577     
   8.2357555553974046E-002
   7.8705275856608359E-002
   8.4559446281987569E-002
   5.1432742690216436E-002
  0.18991872125657686     
  0.13766770676106796     
   7.1841082625092076E-002
   3.7757291656849559E-002
   7.4300497983913333E-002
  0.15986154353974319     
   2.5465251140071161E-002
  0.14810702796660238     
  0.12010952010324016     
   9.8017384421836065E-002
   2.8839982804591987E-002
   3.0653580727088282E-002
  0.12298101712459067     
   7.7849601724727949E-002
  0.11790625245800873     
  0.17176599746129723     
  0.19652652569437939     
  0.15276056898978671     
   6.7912307668259717E-002
  0.19137041116872408     
   4.7188015366691101E-002
   7.1259256139624777E-002
   5.0094163136081248E-002
   7.1792204690369552E-002
  0.16073049763365682     
  0.17004942946577387     
   5.4041432445191495E-002
   5.2930464624132194E-002
   5.1397907309794426E-002
   6.5399283050121187E-002
   9.8160595070115875E-002
   2.9483618657165471E-002
   8.4889504879504751E-002
  0.12596545523263256     
  0.17630666118516336     
  0.14031455685018995     
  0.12132830417607987     
   2.7281990801988037E-002
  0.14402689340577610     
   9.7477244868044446E-002
  0.12989519903510538     
   9.8356963846739642E-002
  0.12588500892926435     
  0.16746253580499401     
   2.6081268831049421E-002
  0.15210910261065563     
  0.14571064109175200     
   2.9074151494225518E-002
  0.16280394301720524     
  0.13185262298486181     
  0.13702627836213374     
   3.6326391645805423E-002
  0.18083142689634155     
   3.1254060818241246E-002
  0.14302210998593559     
  0.19347061158096962     
   3.7001243852618916E-002
   6.9209728327006670E-002
   7.8122168432166433E-002
  0.12307854953420340     
  0.18042021121250149     
  0.10847730897544726     
  0.10915175470568227     
  0.13961884913878789     
  0.12311172701925677     
   5.6790821630945912E-002
  0.20039608421962707     
   3.3154194818800727E-002
   8.9573926180159330E-002
  0.19491283818763272     
  0.17241008073015071     
   6.4647526680984169E-002
  0.10072348223700323     
   4.2721944187559271E-002
   9.9693443479080976E-002
   6.2299952470471966E-002
  0.19170048393851960     
   2.8389786695686380E-002
   5.9522930973404990E-002
   2.5700069292713377E-002
   7.3916892258558894E-002
  0.19483116127082856     
   3.3701635016799888E-002
  0.13791213257038751     
  0.12612958901834798     
  0.12463928017600182     
  0.16058069080943402     
  0.20002587188329168     
   3.2539630120081819E-002
   6.7652042062723863E-002
   7.7503441195707304E-002
   6.4180783400415525E-002
  0.11841225437272757     
   3.7251747365030903E-002
  0.19825803785750759     
  0.15547598905247093     
  0.18806067664633908     
   5.6943981642367039E-002
  0.15314730392766110     
  0.14794325100020056     
  0.16557655022337983     
   5.8982678996737876E-002
   6.5095012423595042E-002
  0.10221722769499685     
   6.1615317534758074E-002
  0.17454830195550261     
  0.14124579132683049     
   7.6085020532483005E-002
   3.9219986177966744E-002
  0.16702019190310655     
  0.11326374910456563     
  0.14210306968435599     
  0.15854124680591758     
  0.14110299390350484     
   9.5741320570317381E-002
  0.12517495075631427     
  0.18922789545608362     
   7.4483678825599378E-002
  0.10675513349091477     
  0.14490768895067788     
  0.14495044332056023     
  0.12746818546271910     
  0.18568424390306842     
  0.10340429330121263     
   8.7052935428715672E-002
  0.13498092909065593     
   4.3981589219273323E-002
   5.2664029433745527E-002
  0.13631460309911747     
  0.18624750401725212     
   9.4079137597025325E-002
  0.12069651519305316     
   7.0979661419405732E-002
   6.4786254603951599E-002
   3.5489936338797386E-002
  0.15261464941303926     
   9.1569738662588260E-002
  0.17356371705796092     
   4.7733976630639212E-002
   8.4376190271754289E-002
  0.15218148911256948     
  0.14916304746930212     
  0.15788240135841192     
   8.8652675092353680E-002
  0.15394684837891118     
   9.2957503022058630E-002
   7.1949412996703002E-002
  0.13809093521012850     
  0.11712064099308646     
  0.13652403984293829     
  0.11129428891580168     
  0.18820688188634202     
  0.12628494989956496     
  0.12887688031330372     
  0.12353624964311501     
  0.18078505125852268     
   7.8072275550061049E-002
  0.15208001014288813     
   6.9266710222491062E-002
   7.0246091808428987E-002
  0.10179269422330661     
   9.2650430106318210E-002
   8.0419179469482530E-002
  0.12432764142535774     
   4.8773486821038048E-002
  0.14139348268771218     
  0.19897040999889701     
  0.19161750863071059     
   7.4645705689750250E-002
  0.11132130505572138     
   8.6578195353988918E-002
   2.4098251297640857E-002
   9.0173419110470582E-002
  0.18288560821783323     
  0.17699406269547646     
  0.16958807532145015     
   2.2622191450136313E-002
  0.14926753639615184     
  0.11053777575684604     
   9.6117638673229491E-002
  0.17377175758986901     
  0.16629226284390808     
   5.7785987087803192E-002
  0.10759118589159136     
   8.3039369060221066E-002
   9.1745755904236628E-002
  0.14442384204337755     
  0.15707259606533194     
  0.14786554991925455     
  0.10351499644052586     
  0.19410567434348108     
  0.10597975804866784     
  0.14007492010281217     
  0.15995810497631699     
   6.3345104314250777E-002
  0.19541741287380790     
  0.11239554996115640     
   6.9946263440849671E-002
  0.11781108391703836     
   2.7499407629210330E-002
  0.19243663026720068     
  0.19357738873837896     
  0.14022405417233183     
  0.15042756227062246     
   8.4890861082125971E-002
   9.6044833123867607E-002
   2.8421561089411372E-002
  0.15054105094710982     
  0.13413522325353741     
  0.13706815357747726     
  0.19365298309587728     
  0.15567120436664755     
  0.11070663518979758     
   7.8348730687660961E-002
   5.5647863339560837E-002
   8.5643231281653978E-002
   8.6479330920319730E-002
  0.10884931121266418     
   8.4102216928561430E-002
   6.5310881382971267E-002
   9.7670125723049270E-002
  0.15339473958584757     
  0.14105083977146868     
   9.1053448649170796E-002
  0.19105636967446327     
  0.16875338979579488     
   7.1898900737363061E-002
  0.16703709888400925     
   5.8731617724770924E-002
  0.15023950896960586     
   7.6615058880248471E-002
  0.16681968377053499     
  0.13068270434781179     
  0.11027811649543597     
  0.17899222127402628     
  0.18752042620367249     
  0.18210145847739834     
  0.15937260851128615     
   8.4149378195657529E-002
  0.10440927831798050     
  0.12152737990250724     
   4.2349095383655312E-002
   5.5634140661404430E-002
   7.5275934065263866E-002
   6.1922239128782898E-002
  0.16859110862718352     
  0.13032015390104321     
  0.20057830589250156     
  0.10925200182791991     
  0.12512573719490067     
   7.0780175502989665E-002
  0.13923287710937191     
   9.7072296905619138E-002
  0.19427389423697916     
   5.1786304816465165E-002
   2.2642344292857185E-002
  0.18349720797252295     
  0.16044945241610387     
   5.2826472316201772E-002
  0.18734126974304943     
   5.7208243599301406E-002
  0.12499924080250659     
  0.12944392709077160     
   7.3818608703574623E-002
   2.3276907275757087E-002
  0.10350563170858972     
  0.13660825754485770     
  0.14127671044799942     
  0.11642340663279964     
  0.19191279773765132     
   4.9942911287175026E-002
   3.3381449942870442E-002
  0.17932224866698046     
  0.18413930094895190     
  0.15397566332357077     
   8.7451535454069140E-002
   5.9596751073238516E-002
  0.12662445798005384     
  0.19856078921616380     
  0.13561599259622148     
  0.20020354602179727     
   2.8672714135595093E-002
  0.11190383012781215     
   8.2701352364100325E-002
  0.18634562282131947     
  0.15554329001326372     
   7.2307385201831234E-002
  0.12929663376209935     
   5.8726883041426176E-002
  0.15639929527280971     
  0.19866625580577826     
  0.18759962072654440     
  0.13189240600823149     
   6.0496033905243475E-002
  0.11113984296868983     
  0.15101649559137850     
   7.7300673960777791E-002
