   1.5582349834033351        1.3963186588192074       -1.8632467881036039E-002
  -2.3194738765063247       -1.6190860011056325       0.44673590843162381     
   1.2871628829547705       0.60415054373954136       0.33637901172351453     
   1.0384515448310838        1.6134969292815580       0.24563823495971693     
  -1.1629669276695280        1.3023431277799087       0.70890647825813102     
  -2.1102902576251519       -1.3697652633565029        1.2000644117542825     
  0.95812067277365176        5.4862323958459536       0.50560299934157560     
   4.4689549971076357        2.7242748597325099       0.62138861265498624     
  -2.5061414409352971       0.45372150278910595       0.42587614479935204     
   2.0069939267379628       0.13658213554546300       0.40632466332645623     
 -0.82174484773943302        3.6053477607327724       0.26745985544312556     
  -1.0313648952990728       0.89491975446111283      -0.31035588485224141     
   2.8426838105480932        2.5798085733274445       0.52452740600870074     
   4.1149666279629500       0.63339836648831072        1.0950676644201203     
  -1.3077321218039386        4.4728796506258881      -0.25681002669806219     
   1.5764357898291752       0.87348744103674503      -0.27994910301173148     
  -7.9950770950289199E-002   4.8496486473202074       0.81726118833678307     
   5.4022845242053901        2.5010748388083996      -0.20743157486401795     
   4.8224767272431981       -1.9160741558826102        4.9657043710152490E-002
  -1.3903275698614641      -0.50616153771140771       0.39006967436249185     
   1.7851392702735378        1.6598189670726058       0.50154965946076258     
  -1.6901144531796009        3.5182630990236756        1.2239707824503372     
  -2.2641368949569260        2.5377643834965320       0.44194417215452475     
   1.1265895826881338       -2.0368651390406853       0.69995103129739833     
   1.0345533646193670        7.4794112589665049       -7.5574814246071417E-002
   4.3880710841756931       0.83569902208961078       0.12869018307743033     
   2.7932649215946217       0.31138220583546272        1.5402949569967813E-002
   2.4063514392164698        3.7555547313938775        6.1615355878253349E-002
   6.4878707219153764       0.13510920874168572      -0.19701051885583781     
  0.63882450332020324        1.3476138885673141        4.1779408412633251E-002
   2.9148407839001997       -1.0528327692910797       0.29360449654742282     
   1.4814358338778169        6.1791431976639570       0.65047979859053073     
  -2.6011439448353264      -0.19365217178041264       0.63572470974910622     
   3.1253402920336368       0.53817052440563073       0.85546947573278909     
   5.9189649833439368       -1.0733290391919070        1.2772627681916184     
  0.70235977160437557       -1.8474590562906492        1.2266568953890049     
 -0.93167424791680586       -1.9254145324763472        1.0371701823883641     
 -0.14486033535291698       -1.5804956074850969       0.47441360010505312     
   4.8965644973448912       -1.0484682939541528       -6.9819559688573493E-002
 -0.38943207317137279       0.15601509942265854      -0.10634152643110503     
 -0.50570461187020554      -0.44168530327260558       0.95732776307578649     
   1.1135688277515186      -0.97583591243131496        1.1866219698664651     
  0.51572407203695436        6.2479775611075405       0.51358712924513961     
  0.64946627861292328       -2.7907669013936576       0.59064212748102130     
  0.71409770488452784        2.5785462969781738       0.11358127026882196     
 -0.41352002906115548        4.4857292729934235       0.80627541584539453     
  -2.4341311344793199        1.0598361337855595       0.50356257089310485     
  0.99644866886789851        2.2810112290454287        1.3366421179180923     
  0.32558727270175958      -0.85314334959399085       0.26964646821283378     
 -0.74311595760294979        4.6755209008039991       0.43384227055917579     
  0.55999986885758013       -1.1893654325405878       0.61614470888360318     
   4.7913896747149227       0.11446114194888145       0.27116544214452687     
   3.0123963068365307       -2.2670322528564575       0.83400503336843490     
  -1.2483880122153435        3.1427870250164669        1.0418772890818360     
   2.3217420284736390        4.1767618815528076       0.54956185456036510     
   3.9157834336416770      -0.54084284632816992      -0.25469332714149667     
   2.6720503952593093       -1.5693593910876076       0.57045620644921802     
   2.9331018378555589        2.0973722161209705       0.84298737664527290     
 -0.96557723584477673        1.8519164032327513       0.66765902301643776     
   3.2015820087321427        2.2678957200417300       0.17763913801513692     
   5.1828289715801779      -0.38748800186269444       0.43436492812241867     
   2.8087226616221326        1.5942537511449992        1.0256051098816950     
   4.5938632428054760       -1.0348549917869689       0.70963618891280156     
   2.6361997214545729       0.92600121921413447       0.89231180841675195     
   5.5161585373036415        2.2043940314303359       0.27048482766161736     
   3.8694676308498654       -1.5266915801494212        1.1598635368481889     
   2.7698399669602254        5.1944148916037900       0.89426848474734821     
  -1.4851381694822132        2.9992027884677324        6.8267287378120600E-002
  -1.1319370813785008       -2.7201358601723764        1.0402126405300947     
  0.29144964789671834        4.8672189186540509       0.36915227433418818     
  -1.2717367926469294        6.5922978458532580       0.14425873714563106     
   2.1490088745211882        1.2273488650546105       0.64176432906786995     
  -1.0976786328726005       -1.8219127053422870       0.37600942886765343     
   1.7849480607408919       0.50539910470860927        9.4883714215437592E-002
   4.2025663585686823      -0.69732193256312647       0.56264006688434942     
 -0.81482375308050747      -0.77661655296931786      -0.24752512155433734     
  -1.0683078107566486       -2.5424411084381626       -8.3461287529957545E-002
  0.21400271636185442       -1.5402106250518992       0.95608252797545257     
  -1.9139638339858904        4.1931268225351976       0.81695552338284361     
  0.85256043560321060        6.0937366797563772        4.4444503682187102E-002
   4.6588651902672522       -1.8351386611767022       0.89835155599018290     
 -0.15226911184684777        5.4558393914238277      -0.15728331897708442     
   6.1494747875406608       -1.1692568386840354       0.49155628070480273     
  -1.6027946264456958       0.30386329607452550       0.27122027472983240     
  0.33723903122120441        5.1621178269795100       0.86904909896604532     
   4.8727766384744839        1.8487910248706445       -9.4161644836728647E-002
  -2.3781074749647468E-002  0.67093086133697466       0.97878691231528980     
 -0.78393586974750307        2.2553168682040674        5.2385000979665995E-002
  -1.8761558118482367        4.5746365407055629       0.33298350964146078     
   1.1337490566551092        5.3307820766292586       -2.0265810676925830E-002
  -2.6086077371600506E-003   6.4270626077368247       0.26315176017178460     
   1.4714634326062443        4.3855899938769545       0.45763047255770117     
 -0.94195240131131297        5.7519106408698342       0.71945375614719487     
  -1.3808712573788966       0.66733713232310254       0.81374334842924423     
 -0.62685832046963297       -1.7813465854983468       0.62428640539309388     
   2.9396855471911825        3.6333194541287850       0.55775635889240083     
   1.2636056593589797      -0.94467497243167953       0.38395491007427751     
 -0.90225065146444450       -2.3059223102768986       0.47770512806108506     
  -2.0340610801433137       0.10832170652250944       0.54501597703442550     
   1.1710928700158794        5.6674236277598249        1.1396926502270437     
   5.4178185549734481        1.7540446499666000       0.60142479145760686     
 -0.16385842053953170        1.6708575195917490      -0.32760649443664336     
  0.41469168203265122        8.0420531217581850       0.35625731981236203     
 -0.67366582550151766       -1.4274204180034098       -2.8315165077578790E-004
  0.67908718969938653        2.0220814810810013       0.13582317019597426     
  -1.5654793310108424        5.1820406982496401        1.2973364209733214     
  -1.3295535304074468       0.98249003582225525       0.29018571021052081     
 -0.90640399419012296        6.1025500020134453        1.2030382039495386     
   2.3385886507883611       -2.5601239982803796      -0.26517395673486910     
 -0.65002174755650488        1.7357248167508823       -4.7737461122761352E-002
   1.8042006617641881        4.5611948372253002        1.1558191156554256     
  0.88412254588066719        4.3870966314103139       0.19298572700232328     
   1.5548006079718844        5.0435478730075367       0.28390289096606525     
  -1.3713992719154835        1.6063828165355178        1.2184341016406044     
  -6.5483429266689944E-002   7.3938150531167803      -0.23745832744863907     
  0.79820109775228820       -2.5419558377146085      -0.41538832942355397     
   1.9451314671931634        5.9429303278183854       0.79219406953617688     
  -3.8591691170918749E-002   5.0873679592955900        1.3524209804734222     
 -0.36529647465958848      -0.97387365081160482       0.32637466940042398     
  0.64620687706293789       -1.2707121052360906        1.2018038818714700     
   3.9980825155015203        3.9530658823338336      -0.13463989641943541     
   3.0861027577315503        4.4425335009524591       0.29544456158191251     
   3.2563591508141014       0.40908765427637006       0.32896018403112137     
   2.2696556418841474        1.8520344332957901       0.75997649947999890     
   2.4924226004968815       -1.4777317101035372        9.0390387065742144E-004
   5.4074891102282789        1.0205472312286681       0.23304665017125425     
  -1.6832169274614086        4.9358467866746834      -0.10212566310826063     
   5.9832260624636247       0.10255355863577728       0.39823797912830111     
 -0.86919677586551991      -0.65270126320058963       0.60785715187136558     
   1.9915920893761361      -0.32369407312414111        1.3313558899496911     
 -0.45766960203903861        4.9941582675972294       -2.5597246531517202E-002
   5.6321373887096158      -0.80614974186488886       0.38904481080928771     
   6.8111622788862469      -0.89192291203724750       0.41536371571583908     
   1.3944522797705603       0.54439015459957385        1.0824574861401739     
   1.0710702473791245        1.0856577689574813       0.35136984705384172     
   2.8784382942230384        1.1821408503753286       -5.1289435926117934E-002
  -1.4308373230913662       -1.0174890799981871       0.39777870413980199     
   5.8672415947064884        1.3030273123252618        5.3962626554504976E-002
   6.0678966509350563        1.8863917555144700       0.18636280002441810     
   1.7554589380383989        6.6412776667717699       0.44247254991207230     
  0.52713176936985562        7.7857516429504656      -0.29167801972475205     
   1.1831869635319485        1.3199021773243091        1.2224166448956877     
  -3.2092681179743739E-002  -2.0041607684500518       0.88694588515682571     
  -1.6426856984001337       -1.7653078346604405       0.46633824397063778     
   6.4450346529926650      -0.44633425481455175       0.30371120597697415     
  -1.7850040327937491      -0.36851452300679943       0.71866763693148816     
  0.21890794482835044        5.6457170954091040        1.2844097350004400     
   1.0785879598265251       -2.5213648540441982        1.2460893368395216     
  -1.0983447902345291        4.1646008442524431        1.2041828639319421     
   3.5422469314602605       -2.1107102830037539       0.56698200466291160     
  -2.0726690199424613        3.0574420136397875       0.17222868552624931     
   3.4319670763635584        2.3879202018928805       0.89212216478506323     
  -6.9130849020657775E-002   5.2516388456388272       0.40977311971183078     
   6.2959362979149849E-002  -2.8410795749301578        1.1535753983489232     
   1.3478656211353213        4.6466932902662936      -0.11974368458773627     
   3.4864526609340483       -2.0983985729780414        1.2602399774638700     
   2.0614451485288496        2.2455969502698010      -0.22282152504526917     
  -1.5526498639967263        2.8825913362393405       0.65911994474861424     
   6.2671750529378754       0.32532182460331732        1.1097803559143096     
  0.50112621284867387        6.4534601610188425      -0.23400319933748093     
 -0.18240339628747937        1.2779843641339563        1.2151185809821508     
   1.2429323507442263        2.9811055232474017        1.1364512146422097     
   2.6986914280446688        1.7809295943230281      -0.14932582617862938     
   2.0479043866040114        4.6131362890517780       0.30076394204606327     
  -1.5568532937474191       0.12026784581678980       0.76437083606934308     
   1.0589659794031936       -1.4515733604291980        4.2400187282339317E-002
  0.46678337801337855       -9.8768942861224285E-002  0.85238344068312788     
   1.0029162553357038        6.0932189617663024       0.58066989616205278     
   6.0623088734468373       0.43452893813925392        4.0605453767980880E-002
 -0.49502914499880951       -2.8478234017651980       0.60509337342119418     
 -0.30584249171215955        8.0162711836053422       0.41990731450277530     
   2.1960603984986049      -0.34705940595088236       0.54919500463945869     
  -2.3123144296746507      -0.51966148884392505       -1.9659010780286080E-002
   3.7981132645801684E-002   7.1541817210368794       0.32112184483098660     
 -0.53236642001473089        2.9124086012487469        1.2328212626043527     
   4.9661578222344920      -0.29517130955502613      -0.16039783176703235     
  -8.0558487817727592E-002 -0.60028489103910254       0.60895631956816587     
   3.5842739914077524      -0.67354877804605917        1.1213604085664450     
   1.2908483544767493        7.1933113214316124       0.68218369252163247     
   1.7251271287867438      -0.13058144946258532       0.84074802983594588     
   2.8889085766602887        3.1231935378164839       0.75588296476839956     
   2.2274155959079489        7.7811645704087620E-002 -0.18208274746790817     
  -2.4780810866267182       -1.1231136601791765       -5.0496424070942673E-002
  0.17448268032012904        3.2904281220722122       -5.2033344560761613E-002
  0.45358760888541372       -1.8349902055734426       0.56429208107640949     
  0.79344531073488833       -1.9788585400000749       0.16127341689117364     
   5.1334173778435686       -1.6381967631260153       0.49534356965344833     
 -0.80130701089550738       0.73038929186454249        1.1400530731638527     
 -0.31737964241717426        2.3395014954201914        1.1731553612285599     
  0.80385120403301813        3.8320107928653244       0.19216620893623995     
   4.8711721335848912      -0.58089786838311985       0.95621546661504775     
   5.4513159957018855        3.8412893765392274E-002  0.71285008461512567     
 -0.93215644278345844        6.1722372802340439       0.43959098347774139     
   2.0400363658206131        3.6200333516883267        1.2039287296372216     
   3.4117290126751052        2.7812128227244184       0.40149720636016617     
  0.47537396833326478       -2.2882703147272219       0.94314307317518031     
   4.6004126144837274      -0.57968884879966442        9.7555042686733373E-002
 -0.94110550129027182       -1.8964285549030806      -0.14979134854288156     
   1.7025872944039731       0.75840093205082493       0.64888788922827356     
   4.4824265825642664        1.8051108422711408        1.1208598391959448     
 -0.55671265236559220        6.2137134336186035        1.9665894137291095E-002
  -1.4109317027302037        4.5808555814541281        1.0598430462505195     
   4.5375017043605590        3.0486691447293572       0.24488175197520229     
  0.65549261806021308      -0.98583207861675337      -0.18838942186530575     
   1.4951925111360787        3.2911002800519444      -0.21185916016166714     
  -1.7201982022654769       -2.4381920299344220       0.21337480003044534     
   3.4507629577197592        4.2962260849717007        1.0930867553442178     
  -2.4476764313988104        1.2319812828168171        1.1525628682061897     
  0.46693321365378959        2.9320723377154785       0.46552180491591133     
   7.0914676347872687       0.34818785116010703       0.77618759929696113     
  -1.7534773055876571        1.2151193811454781       0.64208298846845779     
   4.2728111569572196       0.13328060023988642      -0.31078079331491348     
   4.4637323502204609      -0.82966315038778926        1.2349248540164142     
 -0.71151168865020442        7.6958639752730020       -4.4352271043677942E-002
   5.3483380909010396        2.5435062126028121       0.74827223605157456     
  -1.0249691704845145        4.0404496837358224       0.33514312268726204     
 -0.42258869622771400        6.2168414870932063       0.59681586601547076     
   1.9202297140086211       -2.1842550018813673       0.19489311847991339     
   1.7923176509265490       -1.0216860943418242       -3.5401459209795691E-002
 -0.21846246934254110      -0.74828931957302913      -0.26836376210363833     
  -1.3309518979772834       -1.6123129202392494       -3.8512451861519782E-002
 -0.20035506972480188        6.7553625075297061      -0.20124562783624256     
 -0.96315637251597375       0.13590749882630887      -0.24476106281743285     
   1.3161785002791526        6.3168563263670681        1.2276629703506972     
 -0.35540468618119248       -2.8945956025844453      -0.15661014319902625     
   6.4802193289811703       0.65824739682055544       0.29327716549524424     
  -2.1017351846996624        3.1597299781834964       0.84532966625181460     
  0.16368459011115233        2.7291091933693732        1.0968032622838928     
   2.1927678585905914      -0.58959853934819750      -0.15383335755978225     
   6.2402761574325725       0.94096165096189865        2.1266652958581756E-002
   1.0073322832327531        6.6422312094993954       0.80783830739839979     
   6.2450671028862583      -0.24690839855322941        1.1430471599661973     
  0.58015281774050009        6.2100706335795630        1.3574587274868806     
   4.9204803246211331       -4.8347218472346590E-002  0.82350189209579583     
   4.9460049890843214        3.0175588126524082       0.67637167707056034     
   5.3647197490558467       0.58216961873890005       0.50281081549132012     
   2.2487033624437367        2.9656246933112822       0.59691727524389848     
 -0.66725254829239533       -1.1529987998524678        1.3634834269071385     
  -1.5187115336022428        2.4621183601360919       0.24381659992386912     
   1.8436272957280233        3.6350459486627269       0.27087589981748778     
   7.1826324277127229       0.48955439350548885       0.18522613929742446     
  -1.4601347754150318        2.2673610000519773       0.79363246003913390     
   2.2769588504975822       -2.2174400179658713        1.1368178934798654     
   2.2962867492985573       -1.8529610515392008       0.23652985794476503     
  -1.2884291894995741        4.5773473049916236       0.34431176124906210     
 -0.47185183816241777       -2.3073188302887657        1.2065538185622902     
   1.3933022437109801        1.9719547339634704       0.23190443863053672     
   6.6845339722735551        1.3416530699038214        2.6896198437835334E-003
  -1.0953459820277245        2.7086528898914408      -0.30044681194555739     
  -3.2442992182760144E-002   3.2706483598966698        1.3794943111382059     
   1.5001988437451268        7.0486573901319565        3.1253881967490862E-002
   2.6209034002325491      -0.27558587525566058       0.12175157546073571     
  -3.6176214097296676E-002   4.2447802592952364       0.46031859663035657     
   2.3091731242110147        2.4640881018786467       0.44644515984373001     
   7.0074868870150349       -4.4608716307574237E-002  0.41394061451309438     
   1.6969983048486903      -0.48968362576652330       0.30026640433257956     
 -0.34682376790927411        7.5864777034755093       0.98778191230129941     
 -0.36242074410894382       -2.1860398121696827       0.45950507564684423     
  -1.1656725326117693E-002   1.0647365437969034       0.58498317736841465     
   2.2869580188688086        5.6060199777572013        1.1488752881096609     
   4.0379022219890244       -1.9057873883434799       0.76414806851936956     
   4.0402846861648598        2.8263923100058972        2.6360503285061291E-002
   2.1488943827015299        3.2780880394557617      -0.12480033539607399     
  0.48736166697376027       -1.4254568006715429        6.2043093108714434E-002
   2.5072880216393054       -2.0627212980443836       0.65237357276711960     
   2.3938172151082040        3.4888434769583498       0.54739154370790266     
   3.5772174113169899        4.8814246006274901E-003   8.4855820706372057E-002
   3.3905259144388062        1.8246451017279735      -0.13192904081798493     
   6.3295551513881740      -0.14952558464089408       0.65828801955434169     
 -0.11279194442206195       0.33282613574453473       0.38823086392328493     
 -0.84282589944098552        7.0972735410674419        1.0147969707929960     
  -1.1594675538850920        5.0668768990001860       0.52193640884540415     
 -0.41416530644344818       0.74144953000461133       0.61911690396420482     
  -5.2756483895171166E-002   2.4512399890311185       0.29257706691557678     
   5.3210179266284365       -1.2218553341223721       0.79442710215016576     
   4.5107438063306358        1.3198807671297199      -0.14837129264658769     
   2.8067307045609229        5.2118962134450753        4.2549271013747919E-002
   4.6834799967541070       0.48386008521431589        1.0842974156281773     
  -1.6389471326590606        4.9052186966202607       0.72973533071320973     
   1.1221625012897027       0.40392988539488761      -0.18515901962629289     
   6.7346884911694813       0.68671924506840099        1.0726946697579520     
   5.8337064416978093       0.55145962912469904        1.3003626212530879     
  0.41349712532083333        7.6823270862266773        1.0367334043690408     
   3.4652336467713951        3.4856513096637389       0.67424306103326492     
  0.73482128155142457      -0.52156839806567135       0.40562689844245942     
  -1.0278568076582797        7.1224911662568617      -0.20795252027799607     
 -0.42640635346228778        3.9443270723283259       0.22774814659589193     
 -0.40236335773545484        4.4581352651193082       -2.4567640031474170E-003
   3.6866458668366850       -1.0253625632953338       0.33490638259638994     
   2.4082811333738556      -0.84854731490170709       0.43956664037990384     
  0.29893726899829870       0.26412401711484429      -0.36693424715213063     
   2.1309288479341353        6.2432411632674487       0.12082810736071115     
   5.7874728083559299       0.72037693226892008       0.74612960544429741     
   5.3177577235554070       0.74717536703420140        1.0827976978479241     
  0.38454019723722610        6.7646268870583759       0.51295895380956480     
   3.6853735139910597        1.0182422226343495        1.3558763375942671     
   6.3534528387601723        1.3242542924329261       0.52191915361697427     
  0.38518655317583056       0.57435389586328744       0.28294758745803095     
   2.6465348619419484       0.39571991118724109        1.0789866854345584     
  -1.0755770085283853      -0.34246548480617561       -1.3690328165529246E-002
   6.1997976368267471       0.63971910269627175       0.61499668798151197     
   2.8367595037303595      -0.72826351516552090      -0.19454524752298363     
  -1.6115995882113385        1.7759950993243727       0.51758168437150176     
   1.5400487401007348       -1.4018358183111439       0.39986119724189567     
   5.2508099895021569       -1.4866747146754336      -0.14990155060382634     
   5.1337276474895255        1.6117297649934292        1.1327748853737751     
 -0.60366571955120407        5.2165006481914142       0.53159827751310418     
   5.9533568775716805       0.96266612776198313       0.39895860342731765     
  0.65886741494371126        1.7426778068039488        1.2396218783800370     
   2.8950341398263943       -1.0306026063732230       0.92893613314259882     
  -1.3080153176426117        5.3508446364114377        6.0862787090279868E-002
   4.3282268970957523        3.2469558838598522        1.1914070744456329     
   1.1314072921715288        2.2281108245247059      -0.23595206083521725     
   4.4393700361115656       0.43350258158538374       0.46518229193627803     
  -7.7652658262065591E-002   3.8603164003721879      -0.16147100517741536     
  0.94108607043281489        2.6843939346351275       0.66060159257973661     
   3.2558840412526009      -0.67613944700449236       0.63442007784814114     
  -2.0165922651689439        2.5792050309388328        1.0211251439420435     
   1.1676681167148459        3.9443915799257829       0.73441374846114771     
  0.88827635858339582      -0.53052960975629160       0.96451071526363319     
  -2.0235352356368059       -2.0319860016349365        1.0227008877755956     
 -0.59371215496854179        4.6528021916765923        1.4055983631462807     
   3.0904397915045969      -0.17446232268856654        1.1206417958358363     
  -1.0788032045064671        3.0410565480224334       0.39207806837186565     
 -0.69618296928680468        4.0985948486123567       0.70413727864059417     
   1.4123038444676963      -0.55693694263444171      -0.17865858017741279     
   2.0374995126914270        4.1475657306433167       -4.2590130404120137E-002
   4.8782970707563429        1.0762698994476170        1.0062520723992807     
   2.3213408967117610       -1.6353369419173336       0.96818255111102747     
   6.2621316319906306       0.94816581719640392       0.96034850433647190     
  0.18314237226445174        7.0000687728998541       0.99001643468032774     
 -0.93620205944380375        3.4813174189313165       0.76887723205426828     
  -1.1057791361851472      -0.10939901979891097       0.57920441039150139     
  -2.3933164324295286       0.61755599639412651       0.99305837715334944     
   3.9363441297935968        1.0714069280414720       0.34245420375232694     
   1.3389201790562957       -2.7553518910003061       0.58939033269297636     
   2.6292951824719095        4.7591264640250017       0.42250884960356577     
   3.9777340163575006        3.8562215995629918       0.88215833445323977     
 -0.78774153728728247        2.9121424239150526       0.79516731185018796     
  0.45066864458926198        5.6891934710838239       0.66473162717567902     
  0.29898705644243262        2.3624754058697768      -0.21497428606822183     
   6.6783737171469335      -0.30570927122029340      -0.24445903589955945     
   5.5525393596764205      -0.14193630422025880      -0.12939626963639997     
 -0.50081826699783993        3.2971109847155113      -0.15993494217174506     
  0.81427650574658972        3.2651611910518641      -0.37360732636712302     
 -0.41562764791937973        3.0510903646558609       0.36428284537079980     
   3.2461826674052268       -2.0651037014063056        8.6551783337718902E-002
   1.4306814865566020        2.5297650412909363       0.61695633728718058     
 -0.13284688500049649        5.8000400756384458       0.39563970420253719     
   4.5097092256964828        2.3199844944024313       0.79066118742235669     
   3.0055975424302748       0.93541104013994836        1.3556972903355491     
   3.1663986156354054       -1.6135111017911183       0.53675443310442295     
   3.5215248497773266      -0.10562705736373004       0.86818079820977567     
   4.5421798249263885      -0.24374054753109897       0.49032771511015882     
 -0.90699489716325932       0.73902833601765761       0.50877308224799533     
   3.4218509705692903       -1.2452399986434672      -0.15310810207388201     
   3.8525463208369293      -0.35556762623750221       0.59870992472824980     
 -0.86866343327355011        4.2285790954878628       -6.5289688532447654E-002
   1.2224948551816113       -1.0517367812017444      -0.31946395038961345     
  0.10973439651964603        6.1858713399251490       0.88421119946827820     
   3.0716228259906173       -7.9274077119234843E-002 -0.26224179636482015     
   1.3894440266100001        5.9677029456680089       -7.4100680426144733E-002
   4.9012913809330563       -1.3138824362040460        1.1112970295817615     
  0.45360458971160983        5.4186882477835274       0.10057657979026961     
   3.2090452433062411        3.2570197879524283       0.24641506327203577     
   5.2665614953038764       -8.0857662940152480E-002   1.3402683327344465     
  0.10056990556889395       -2.4386098720323131       0.52547809699845616     
   6.5776534847163850       0.57327208116530459      -0.13606243857058076     
  -1.2430144853876601        2.5802925376763044        1.2851969100047540     
 -0.10095229122999239       -6.6967630969491015E-002  0.76786100926020540     
  0.11573229623891160        1.3366570046317834       0.12267865701450470     
   1.7039932034773211        5.4811517685160478      -0.12318630336875278     
  -1.3691507453652958        3.8732921582463811       0.64384200818062265     
   2.7163075972616477       -2.2860405927077321       0.15982522691573839     
   6.9445550643546534       0.91896768681252883       0.53594828813288053     
  0.20857029255441664        5.9414692564176743       -4.4071206020716215E-002
   5.6311775128629692E-002   1.9055936340971458       0.11726283959256902     
  0.20821336295757770        2.1011004925717001       0.62822751383104847     
   1.9501890231356138       0.35769580238835730        1.2488251845924123     
   7.2078225355153389      -0.61050789839094910        4.1723343637493165E-002
   2.6901099216832369        1.3119525017737657       0.49679018678614351     
  0.78158793474607269        4.9153096867098460       0.13903913078785968     
  -1.1529849031808215        4.9158577343339074        6.0670375309690383E-002
   1.3058187722861305        1.5392141589657091       0.72404603264882650     
  0.16245760679985063       -1.8249976936072907       0.10227215491637871     
   6.2390953352121272      -0.63861467333857713      -0.14644423093918194     
  -1.1782391614115433        4.3206297971989134       0.70827654054558453     
 -0.95408982571905621        5.6676052315453571       -7.6336702202982332E-002
   1.4079352944030208        4.9952976701060949       0.80194861476684554     
  0.25488425381485219        3.7078583156673637       0.35919574733453680     
   2.0865432044392476       -1.3035844844125568       0.45520211356294105     
  -1.9360785960706381      -0.15051154938188299       0.12582459012478114     
  -2.2358694630406433        1.5793852646322359      -0.25858240704816959     
  0.69631932871773716       0.80945856387653869      -0.10642735201757303     
   3.2116002652463957        2.7598085216466015      -0.27446140821677900     
  -1.8223053554468607       -1.2265150665866433        2.5236749646921474E-002
   2.2916423272759028        1.3005006572287470      -0.26251584923991339     
   2.1771063817420111       -2.6234212078941241       0.58404373121639908     
 -0.63212876703441223       0.19217095456679464       0.67028541706423939     
  0.33355492334081321        5.0063951081285989      -0.34739759212007371     
   1.6593790120887113        5.3724139995435598        1.0912104920799290     
   3.4819854187701114       -1.3274791203064638       0.80455133961914782     
   5.0160688014445007        3.0973068299496411      -0.15312314993268367     
 -0.41957106340503891        1.1457422991664237      -0.14586155828689160     
  0.38468846725679501      -0.63426789934797967       0.89279308040302230     
   6.4417417642711389E-002   3.7345625035484113       0.92634481325990858     
   1.6173398035525466        2.6006029427252559      -0.29712257303424044     
   4.8888924384032206        1.4908543762400659       0.36499835211940879     
  0.85218463042030623        5.1461168882925250        1.0540622990242383     
   6.9727747413689070      -0.35713017085412202       0.85938747950375494     
  -1.6704299195276868        1.0009590493420146        1.2076591515722233     
   3.2283520324325323        1.2163219333811388       0.85089798868441824     
  -1.8039647737256399       -1.2763080163946869       0.66496311834296651     
   1.0512870928539957      -0.21411702425300605        6.8800486752577106E-002
   2.7801442721148160      -0.37806461011808490       0.70127587274513425     
   4.0023746002008682       -1.0223002462909079       0.95765109336407173     
   2.7389398914777265        4.2594832494654868      -0.17711622250859008     
  0.56994282272226826        7.0558440477544355        9.6555447120795362E-002
   2.9545203409988421        3.7939152319687550        4.5607315471454982E-002
 -0.69215173178214828        5.7969232703454994       0.28903920096669511     
   1.1084618452447277        4.4669188248703806        1.1049764375264013     
   5.3876290409988927      -0.66010059625108874       -8.2868107691240922E-002
   6.0005548716126595       0.30583447238079653       0.75800201488448882     
   4.7511260844015855       0.99705339129771542       0.47899076740911212     
   1.7401755061792503        2.3535560655135601       0.20991248783414168     
  -1.9818229508400924       0.66655266306894001       0.21769120307855241     
   4.4963130225811740       -1.3489614283629756      -0.13497395168993043     
   1.0886746136761840      -0.13387784265929820       0.66463330173471080     
   1.7164897236780892        1.2188662049432526       0.98034361030120687     
  -2.6141264338165686        4.7240750220373294E-002  -5.2956170443536739E-002
  0.58158678996023905        2.3755256077654567       0.91419332803974707     
 -0.80299259663761757        6.4803620101484549       0.83608431040780673     
   3.1186082093264575       -8.8538488185514241E-002  0.42735178735969392     
  -2.3414139769056099        2.1709699359181012       -9.5238770809110973E-002
 -0.47251286409298265        2.5319071929137431       0.61582747412959304     
   3.6247739896690869       0.37895718083144164        1.0554578259532104     
   1.6521298004599156       -2.2627675428079126        1.1463453471510490     
  -9.7581114888101603E-002   1.8263999254318006        1.0153035084688500     
   8.1185627381610406E-002  -1.0462327798819093       0.97735710959131261     
   1.4050702150040137      -0.60317721166541305       0.80913137803157620     
  -1.2655701480394856       -1.4351200418583285       0.68533772294421469     
   3.2532014624001593        3.4866279028862182      -0.29497401197005579     
  -1.4718304048018493        4.0343116718723016        7.3688065731546942E-003
  -1.4439385974213501       -1.9241995926470017        1.3574463436072446     
  -1.4310879284335476        5.7988331691928039        1.0782238216357500     
   4.9124786407604502        2.2650594242259134        1.0150182925208475     
   2.4389062967389727        4.2984236115988219        1.2847185089758679     
   5.9861212468719573      -0.60308908355734703       0.73966807624660391     
   2.1391414077232156       0.92428212188492975       0.15552627996581311     
  0.59946294460310723        3.9911522999595572       0.95925891267777685     
  0.29732131702051068      -0.31342829397457961       -1.0677527301769367E-002
   3.8553272341001947        1.4747101300555183        1.1036136508438512     
   4.0945339037159298        3.3838776195643586E-002  0.32922423735625944     
   4.6122786523549468        2.3796286896706738       0.34132772447100168     
   1.5135539291760491        3.1505188830311730       0.51373927921766038     
   4.4016345918473307        1.1122690709122460        1.2782374556970679     
  0.48054179858821661       0.61677701964280762       0.82753398678467494     
   5.6362361830459893       -1.3625235379480101       0.22109194555973319     
   7.0644968088422395       0.88775221233792589      -0.26213955623426954     
 -0.89500691788463027        1.2863192952451459       0.14262201264288749     
   1.4862918760354629        1.8225794928359775        1.2718675621302427     
  -1.5501346360275157        5.4543155193236235       0.56697542878788432     
   1.0164327058535925        9.0946703003121562E-002   1.2145911206496458     
  -1.4292405569188851        5.6499595166716805      -0.38954806031097727     
   3.8110666374649060        1.0220921979747639      -0.30041056141332761     
   3.8860363915097622       0.50009385008652052       -2.2404840174326739E-002
   5.8416510049631807      -0.40295027228265234       0.17968857840002464     
   7.2747606273754828       0.29191322481803844      -0.44046573994112387     
   4.3171715996107114        1.2947788705291783       0.70866827089894480     
   3.4783128654122875       0.84641987842811195       0.21597517380062575     
   3.4005681715558533      -0.55437250197691346        9.5672495267773910E-002
  -1.5018514337075966        3.5168185989712235        1.2378355148051809E-002
  0.94333505154108144       0.38891904349710665       0.69671556539650159     
   6.5231802895378639       0.28165049661043468       0.62981026011915819     
   3.5231761060688731        4.5776305527990644      -0.29489551040431250     
  0.70119877705137046        1.7433284964037341       0.66711619133797351     
   1.6393999860733441       -3.0176012050319726E-002 -0.21000579611782833     
   1.2358266737823145        2.7961457734127255       0.10498262261989905     
  -1.8317852632368852        3.6357591408146086       0.59438206772472035     
   3.4620335131405522        3.9942484725140952       0.34876476457631406     
   3.6710454504509871       0.93531006163917696       0.80364085622108972     
  0.61149843449080465        6.5438221235820340E-002  0.31189398169858307     
   2.9308864983414424        1.7843030873517085       0.36558172158249752     
 -0.29928481048596173      -0.33437217363132393       0.17005225585762573     
   2.5345012342375113        5.8287384568259553      -0.29109702033701451     
  -1.9967534062862944        1.8911028966658530        1.2022868953420163     
   4.5819960402638804       -1.4455718593057927       0.41827513739626787     
  0.20147666376712484        1.5446225494291328       0.63061296110001108     
   1.6334934164979540       -1.6426839824460824      -0.12974649581251135     
   1.4766313516068026        5.6749890450559022       0.61817480552204462     
  -2.0263123395339404      -0.81660188229335917       0.92180288603310612     
   2.8644471739926103        4.5211401307668995       0.88249973435771978     
   2.1483888182234434        1.7442802697363660        8.9196413151579945E-002
  -5.7935383404072421E-002  0.72878767081956164       -4.0614341256417580E-002
 -0.37454814540030718        1.4657293475784114       0.42738809565488267     
 -0.58864048031012173        3.7224158846997457        1.3028553372450984     
  -2.0981920772564928        3.6855649011415026        4.1663297916221614E-002
  0.50597878353566983        4.5861827559796042        1.3653448268847139     
   1.2901084568652903       -1.7237470903260323        1.1864064484661156     
   3.6888792163199788        3.2479171627528163       -5.4836513429249119E-002
  0.96997746630912307        6.7043282469326533       0.26773633199253327     
   2.8837442479930711       -1.5327394313777103        1.2523692441521068     
   1.9984815701273191        4.9981663533074210      -0.11321950188250679     
   3.4070788737964111        3.0491318388914577        1.0406415410336218     
  -4.8206730772389447E-002  -2.2745348327257044       -5.5299531124610349E-002
 -0.78443025301123614        1.3473784602531189        1.2579994109213355     
   1.6199374272675926       -1.2177554865058136        1.0479536055330716     
   1.7639932904156983       -1.7780299224978575       0.74873816491522593     
   4.1320116516910375       -2.8451703007239565E-002   1.0568540146608858     
   2.5877018152707416        2.3203619085340037       -1.3233494167688988E-002
   1.4103059312483317        3.9771922928389936      -0.19539729834662489     
   1.5927496136053709        2.4149601548079080        1.2538580014275160     
   4.2620894329721093        1.9702272495177897       0.18878790140412471     
   3.8925694923942502       -2.1506187062563571       -9.9168948318492087E-002
  -2.0048676579466043        6.3869608067170083E-002   1.1911245039619034     
   5.4606665718402398      -0.75517314643725786       0.87944624792415327     
  -1.3830188540305304       -2.1213891405065151       0.79032970695622740     
   7.4234127626039941       -5.4315500035074328E-002   1.5950030695524746E-002
   2.7788927754451880       0.75330173261022570       0.37197115759950677     
   3.9308483737864734        2.3037804511814346       0.60312114885376644     
 -0.62932595153516357        6.6919041513826905       0.17016971019972146     
   4.1197440208345837        3.4528187016481677       0.34542597180081325     
 -0.52855649088491963        7.1756493165151696       0.41673666272127075     
   3.8960669377849215        2.0746185166897835        1.2240523631844635     
  -1.4348517532209957        5.9382016335555887       0.20506572596128320     
   4.9011654233086599       0.52496372118287071       0.54642069794780412     
   1.8391734547170226        2.8042075787335730       0.89790467377654082     
   1.4560345631815661        7.4619329288903261E-002  0.32779766763147372     
  -3.9258994232619977E-002   4.2235007105243856        1.2814950621326731     
  0.95731968971736559        3.3285660087000219       0.43839566766593724     
   1.9343521636338963      -0.79101937098766728       0.84443902967436824     
 -0.23480596113610008        6.7104748660894504       0.69898544011266395     
  -2.4223964371523352        1.7062018153468090       0.45471197112450579     
   6.2723591280401934       -6.6361688271729252E-002  0.14160247175527843     
 -0.86837112394858007        2.0138500251466582        1.3812825290798667     
   3.8328905159364548        2.2730425649828212      -0.19227126360598326     
   3.8505720951894165        2.8535534902826392       0.73107270983795236     
   1.4166036215248758       -2.2438206418644318       0.21805766895174195     
   6.6718478733653193       0.24204783513433045       0.19490047099174093     
   1.8242460316392521        3.9722249798913580       0.75460075380084046     
  0.42255288623946291       -2.5160800662033536        4.9309802411071330E-002
   2.9861648794711493       -1.5742223917830644        5.2908749154299647E-002
   1.9453018628392129        2.8550923124771006       0.17484021283308573     
   2.4736533666888851      -0.67159250125883974        1.0167543877676661     
   1.1297518610742123        2.0828069064139245       0.76237294900629038     
  -1.1186058022709124       0.19823126993118950        1.1383024256519665     
   1.0430068463744555       -1.4496506706454910       0.68114713972712126     
 -0.92347273526454188       -1.0408482488971729       0.24175899735937387     
   3.9236034971985769       0.52226915392563567       0.56278998455815998     
   2.1923473490597467        5.2179251066341674       0.47214710778672364     
   5.1706266221611710      -0.97846030074500767       0.31396404753563234     
   5.1861434674571285       0.17190790779420700        1.6946726231345053E-002
   2.4403743202230244        2.3641683069355577        1.0116614886494777     
   3.8495760020356462        1.5335909673109169        6.8778780959388469E-002
  -1.1843464857612349       0.51134566390488922        9.4308782707941546E-002
   2.6263155327953225        2.9946114263569172       0.10257033672796222     
 -0.34291220299194952        6.4073489662587528        1.2059881148591018     
  -1.7281161864089203      -0.67438107332226593       -3.7379891502924902E-002
  0.33287975146783472        4.4246642795808713        9.9358768428635155E-002
   2.7115599940332631        3.9474507577090168       0.90743968276201326     
   6.5710983657474875      -0.71995128956872412       0.95884466455133965     
   5.0463978359090245        2.6085853394452174       0.24046769720270267     
   1.5255452528965745        3.5662877931486077       0.99204165405633138     
   6.1475768342288077        1.4870398877075444        1.0372512507230578     
   4.2509119104923947      -0.95950762587091687       0.11072926085162105     
   2.4945146099533990        2.9708998817747383        1.0997815128122208     
 -0.44051791623620828        2.6937359996394723       -7.8508066721156761E-002
   6.7226313113923331        8.4302999732075209E-002   1.1334738193474039     
  -1.8485835306739875       -1.7990649912723198       -6.6054263026765120E-002
   4.2339361148658473E-002   3.1691030145978956       0.71550971793851337     
  0.37856350650738996        1.1577059092037234        1.0158746949360797     
   6.1792496499194813       -1.2422255134511384      -0.34438200211138237     
 -0.34993307548947949        5.5293240119370104       0.98830616820945405     
 -0.38277711670719999        3.5404421329513931       0.66146670795231188     
   5.5893768686669869       0.33814547722066240       0.15088516314483244     
   2.5752581432564607       0.16635967455297032       0.53287346551324155     
   3.3066124802926344        1.3410013010022328       0.17700232456373377     
   3.9924271609201094        1.7453711463401469       0.62606935119344675     
   4.1433735982769964       -1.6847110557842739       0.22202691310791089     
 -0.41432421477219877        1.9918265057889009       0.54426774731432515     
   1.1760191087050549       -2.0854954844196203      -0.24532319382084264     
  -1.3762013374060955        1.6670484643775285       -6.1511140845394371E-003
   2.9893323851744777        2.6619613424726123        1.1579169664018254     
   1.8696432902106404        2.2265535925793789       0.74450264319814041     
 -0.54044539927699986       -2.1744575890569591       -9.1910656342421973E-002
   2.4828715459066886        5.7745119507623714       0.43323576639675304     
  -1.9219856002076854        2.6357953181564828      -0.18762433636336559     
   2.4180715186146107       -9.5979614684176984E-002   1.0577294359981542     
  -2.3867110726421377        1.0238654043053979      -0.11587333422863728     
  0.90098518529336391       0.84791528161538499        1.1147748120925411     
   2.5967940408807180       0.77242734422570125      -0.18153371766753981     
   4.8282924440939894        2.5226415393316439      -0.17368973690675488     
   3.4645086411658248        1.6261887717917023       0.60148638737532345     
   5.0197870660215242        2.1755530041706437       0.45075265274573045     
  -1.7564428685575451        1.1563727526298584        4.0036470690496219E-003
  -1.0127543226619016        2.4698531684472647       0.52253454363294327     
   2.5975433633500029        3.4963287326501935        1.1738083657922371     
 -0.18049762609147427       -1.5053775825363425      -0.16733068628214773     
   2.2243994563265197       0.59610702874905563       0.66919104216297576     
   5.3906688448778306        1.6034213884581352       -3.6600686086999623E-002
