   1.1820006941728262E-015
   2.1262662004877358E-015
   3.0851204094265713E-015
   3.5945619646263444E-015
   3.6750273555931482E-015
   4.3204071890455052E-015
   4.6922210104666311E-015
   5.4156904726537985E-015
   6.6448269316440951E-015
   7.4198356865433041E-015
   8.7991310432372718E-015
   9.2948780485820774E-015
   1.1012050374171091E-014
   1.2782218225771442E-014
   1.3521901179853681E-014
   1.4912489406019927E-014
   1.5356189444720129E-014
   1.6915028410305121E-014
   1.9080672303156931E-014
   2.0000307778264782E-014
   2.1853162920029773E-014
   2.3845296132051733E-014
   2.7540412319298842E-014
   3.2191517835423222E-014
   3.3418818046211405E-014
   3.4415091905851691E-014
   3.7920858321290476E-014
   4.2120073564481299E-014
   4.5821850970262041E-014
   5.2429761467967766E-014
   5.4297464550022035E-014
   5.9389900290277039E-014
   6.2620325661365673E-014
   6.4539839395091700E-014
   6.8482577162875605E-014
   7.3954795568135268E-014
   7.8104070375826136E-014
   8.7604056079179486E-014
   9.3182291651447455E-014
   9.4589585840011728E-014
   1.0297617226578217E-013
   1.1147156521243405E-013
   1.2577242887502617E-013
   1.3150925403108938E-013
   1.3769098085012853E-013
   1.4281127882415417E-013
   1.4961571186050651E-013
   1.6707413887962342E-013
   1.6980805615197942E-013
   1.9549975149520646E-013
   1.9963254407338474E-013
   2.1748471140523110E-013
   2.2038688715801088E-013
   2.5318572768325108E-013
   2.6520128832965141E-013
   2.7690276032341709E-013
   2.9072345622433864E-013
   2.9525705305542945E-013
   3.1388330774453479E-013
   3.2533294543325966E-013
   3.7552168060269296E-013
   3.8578058468379770E-013
   4.4194556691269395E-013
   4.5771044320011738E-013
   4.7156664981230095E-013
   5.4310825860494322E-013
   5.5659917404107633E-013
   5.8479079568537719E-013
   6.2124792405869382E-013
   6.3343945198716143E-013
   6.8483734871477744E-013
   7.0573731870501816E-013
   7.3626657111220436E-013
   8.0614281438327957E-013
   8.7229487224277983E-013
   8.7664006569945678E-013
   9.4237210044561544E-013
   9.8170264467929608E-013
   1.0176862700877031E-012
   1.1319664629221390E-012
   1.1795904926666449E-012
   1.2060197284327048E-012
   1.2842654888808754E-012
   1.3283499248069699E-012
   1.4684922757874231E-012
   1.4955679713988243E-012
   1.6596973743189918E-012
   1.7070799995639870E-012
   1.8187680209208620E-012
   1.8397620340996457E-012
   1.9620976143219826E-012
   2.0342278213142196E-012
   2.0840799150734850E-012
   2.1978299364571560E-012
   2.2912773890573473E-012
   2.3629483885790305E-012
   2.5492937433196769E-012
   2.6345167971606474E-012
   2.9597986324200985E-012
   3.2538302121133494E-012
   3.3752814459572204E-012
   3.6914960324261197E-012
   3.7974792480889507E-012
   3.9136222965547521E-012
   4.2011315587801583E-012
   4.4078219522449007E-012
   4.5256346312400807E-012
   4.7163078096097971E-012
   5.0215487326508187E-012
   5.2988609773305988E-012
   5.6668730414667323E-012
   5.7701190557472056E-012
   6.4524497112866346E-012
   6.4822871416355757E-012
   6.7958972829054041E-012
   6.8847248353297371E-012
   7.6073725381076393E-012
   7.7838177247709652E-012
   8.0681272011159578E-012
   8.7691299377766271E-012
   9.1852634762963951E-012
   9.6977606368211493E-012
   1.0415774178179281E-011
   1.0711893057548921E-011
   1.1153055457336662E-011
   1.1680666960877617E-011
   1.2231766883232254E-011
   1.3465271554585890E-011
   1.3821029549403248E-011
   1.4757162141823207E-011
   1.5448665016269451E-011
   1.5817996959823337E-011
   1.6483507248632090E-011
   1.6991334642694629E-011
   1.7908410356422903E-011
   1.8674056885401937E-011
   2.0046303528965270E-011
   2.0747486737261752E-011
   2.2149296147080335E-011
   2.2619974949540855E-011
   2.3382351254435617E-011
   2.6339684562725857E-011
   2.7314126743058520E-011
   2.8652213999283950E-011
   2.8913961319810290E-011
   3.0153306077570596E-011
   3.1430341869424078E-011
   3.3820657978833422E-011
   3.4856715502956173E-011
   3.6535664090753896E-011
   3.8401686966848775E-011
   3.9863148580629272E-011
   4.2603530302651469E-011
   4.5620843857589460E-011
   4.6589987403836712E-011
   5.1033240042201527E-011
   5.2034855839948221E-011
   5.4433138848988889E-011
   5.4713547689658123E-011
   6.0546886077637013E-011
   6.2206417005693746E-011
   6.4200697148978877E-011
   6.7139798835710887E-011
   7.1213670919207161E-011
   7.3673126196492952E-011
   7.5588013577708230E-011
   7.9567230476069578E-011
   8.0182813006909094E-011
   8.5787305281035657E-011
   9.3328045421478137E-011
   9.8629596049806896E-011
   1.0512418370758787E-010
   1.1331489088323691E-010
   1.1554068052576320E-010
   1.2103397781560516E-010
   1.2791741021797261E-010
   1.3063031456997150E-010
   1.3860274333063325E-010
   1.4370567251329625E-010
   1.4798085852271991E-010
   1.5896373004208305E-010
   1.6327095259512900E-010
   1.7065537027248835E-010
   1.7565949656598545E-010
   1.7975471639348856E-010
   1.9637604399157409E-010
   2.0062980029395228E-010
   2.0542890745603153E-010
   2.1219338975751441E-010
   2.3190591343750313E-010
   2.4289566727152330E-010
   2.5871650223581267E-010
   2.6836360024596314E-010
   2.8741418583536647E-010
   2.9756754202454434E-010
   3.0831062544856964E-010
   3.1296538724390021E-010
   3.4079955894691042E-010
   3.4998804202657555E-010
   3.6816667700326053E-010
   3.8814753258475951E-010
   4.0903198348955154E-010
   4.3271761931706808E-010
   4.4765699296385867E-010
   4.6991825516806630E-010
   4.7562733517629034E-010
   5.1567561286812377E-010
   5.4337531268647556E-010
   5.5168444421050300E-010
   5.7275088789271856E-010
   5.9504655334189763E-010
   6.1056007758515793E-010
   6.4085458190708222E-010
   7.3002574937623758E-010
   7.8336088272181916E-010
   7.9969636728763414E-010
   8.1786869145336641E-010
   8.6395976315871505E-010
   9.3181571137040058E-010
   9.5181282907656166E-010
   9.9299169648263429E-010
   1.0001041838276316E-009
   1.0700249750159862E-009
   1.0963383270372237E-009
   1.1652959664979602E-009
   1.2131503030838098E-009
   1.2878103028013671E-009
   1.3047994408420550E-009
   1.4100524477891324E-009
   1.4253828646447190E-009
   1.4538121693190870E-009
   1.5646402832799985E-009
   1.6183930168799900E-009
   1.7183059535953569E-009
   1.7209735329134936E-009
   1.8074607803465186E-009
   1.8778856125812573E-009
   1.9718308807924671E-009
   2.1039383790756607E-009
   2.2431826579269071E-009
   2.4216693792025666E-009
   2.5504351392230752E-009
   2.6339165034031903E-009
   2.8560393539716401E-009
   2.9467043812031320E-009
   3.0923615917172544E-009
   3.2567541425127139E-009
   3.4929992737159837E-009
   3.6134820302882583E-009
   4.0394933969703682E-009
   4.1274136725825773E-009
   4.3276388249603361E-009
   4.4584813029176948E-009
   4.7472633249870863E-009
   5.0882967251810819E-009
   5.1030833749393238E-009
   5.4223673670077558E-009
   5.6341285476284862E-009
   6.0128180739655686E-009
   6.0492397970024824E-009
   6.1929048017871939E-009
   6.5293607417376735E-009
   7.0287485224708681E-009
   7.2205618799204743E-009
   7.6634388737317826E-009
   8.0740294479596171E-009
   8.2378914247437887E-009
   8.5966228694747620E-009
   9.4384838244259605E-009
   9.8022242457443032E-009
   9.9596801296525093E-009
   1.0469936354684134E-008
   1.0963790065487486E-008
   1.2130874119953529E-008
   1.3106465552893036E-008
   1.3812512317380990E-008
   1.4405479084482040E-008
   1.5006685846623988E-008
   1.5509811929736861E-008
   1.6198569423248067E-008
   1.7075002426129067E-008
   1.8182328970577910E-008
   1.9203593714804825E-008
   1.9498460475622216E-008
   1.9845909629937640E-008
   2.0766876370862285E-008
   2.2439657653702601E-008
   2.3688569571195552E-008
   2.5487911377141768E-008
   2.7067674432986914E-008
   2.8719753032024184E-008
   2.9467125942264992E-008
   3.1618765397716169E-008
   3.3264807314396205E-008
   3.4383399500843034E-008
   3.6955605444054349E-008
   3.7391858303334439E-008
   4.1557944767384007E-008
   4.3073009404776185E-008
   4.7104280313362035E-008
   4.7768983461163138E-008
   4.9513074672196008E-008
   5.1099909561071244E-008
   5.3643845484412095E-008
   5.7114060233996250E-008
   6.1930609068550150E-008
   6.2639169770305738E-008
   6.6809713791755887E-008
   6.9120206572917421E-008
   7.5336817728504986E-008
   8.1346698648033419E-008
   8.6734928998832798E-008
   9.1329938072986987E-008
   9.9796962154904060E-008
   1.0685445318746937E-007
   1.1073683926573616E-007
   1.1592146060617202E-007
   1.2225109022856664E-007
   1.2503656050289866E-007
   1.2908387125719483E-007
   1.3482043825397554E-007
   1.4513313686458058E-007
   1.5750846972541269E-007
   1.5899259329498119E-007
   1.6532843008884455E-007
   1.7213622172742309E-007
   1.7757183135188654E-007
   1.8916657989790074E-007
   2.0819845238627910E-007
   2.1208722559086555E-007
   2.2049967166218976E-007
   2.2971856214005477E-007
   2.4980892067456093E-007
   2.7359100975312628E-007
   2.9701822539097576E-007
   3.1508740123331347E-007
   3.3403424793894881E-007
   3.4226346744020739E-007
   3.9213119403202954E-007
   4.0275693457137871E-007
   4.1896862718711434E-007
   4.3630890705597159E-007
   4.6907515260516227E-007
   4.8633353986003322E-007
   5.2416909273410239E-007
   5.3428905173603479E-007
   5.8232575492859317E-007
   6.2599397951313986E-007
   6.5539521273276291E-007
   7.3092794032760406E-007
   7.5387742024532788E-007
   8.1024046834916777E-007
   8.2887983847827550E-007
   8.4840926669920944E-007
   9.0635777384147826E-007
   9.3554467622821920E-007
   9.7032427366538304E-007
   1.0890618594735864E-006
   1.1868004890709034E-006
   1.2516539903069865E-006
   1.3540588651449026E-006
   1.3994905002815330E-006
   1.4795912968010045E-006
   1.5888721471791142E-006
   1.6127183285837781E-006
   1.8613132730088534E-006
   1.9732856632106982E-006
   2.0026763761652173E-006
   2.1396970201575670E-006
   2.3281794242843404E-006
   2.4715247308564258E-006
   2.7183964000283131E-006
   2.9019914204724476E-006
   3.0699820662121426E-006
   3.1381237464698301E-006
   3.3162945561090767E-006
   3.4139872138090507E-006
   3.6473548050837685E-006
   4.0883740705990393E-006
   4.4121946478819574E-006
   4.7711253580095882E-006
   5.2150430166766898E-006
   5.7551877364022762E-006
   6.3981417192722771E-006
   6.9487265998108203E-006
   7.1091098577263434E-006
   7.4097348858353521E-006
   8.0154887414285050E-006
   8.9201330657434615E-006
   9.0466071895437355E-006
   9.5763570902053524E-006
   9.9777469199395652E-006
   1.0884887002524418E-005
   1.1201595809808830E-005
   1.1574992801802533E-005
   1.2642774644726396E-005
   1.3594269691187802E-005
   1.4694853042625290E-005
   1.5900080826838393E-005
   1.6901514054667587E-005
   1.7281160650986874E-005
   1.9021306529494610E-005
   1.9924422357200914E-005
   2.2922581510235379E-005
   2.3515120591057133E-005
   2.4432308717093230E-005
   2.6881046067234783E-005
   3.0181828631630723E-005
   3.4945473292810114E-005
   4.2074407010985025E-005
   4.5802351846947627E-005
   4.9203173837694669E-005
   5.0380723220461073E-005
   5.3423203760351453E-005
   5.6247613064422814E-005
   6.0598113186095565E-005
   6.5150227886356132E-005
   6.6064107166715399E-005
   7.9011484450669487E-005
   8.2373422408462963E-005
   9.1237957154273545E-005
   9.2772802482864893E-005
   1.0132344658674919E-004
   1.2267540765827629E-004
   1.2953467254017567E-004
   1.3969370622973209E-004
   1.4771857839386985E-004
   1.5291769035962941E-004
   1.6180483761658103E-004
   1.8028980558406892E-004
   1.9403378454283372E-004
   2.0315575139687948E-004
   2.3172826402193921E-004
   2.5117335902722867E-004
   2.7809650710500515E-004
   3.1526740734701640E-004
   3.7361231838176735E-004
   4.1028951313643866E-004
   4.7902220462736004E-004
   4.9317123765383090E-004
   5.3580804660831750E-004
   5.7854905215560929E-004
   7.1877459621094762E-004
   7.5705336566485575E-004
   8.7107185900260891E-004
   9.6333854426052705E-004
   1.0786768956709655E-003
   1.1907643316832360E-003
   1.2746607903937656E-003
   1.2984262059269243E-003
   1.3556729407681923E-003
   1.6299814181549321E-003
   1.8845269521485743E-003
   1.9475923105149011E-003
   2.0523189304102111E-003
   2.2586350204386592E-003
   2.6323007362917122E-003
   3.2142862088193787E-003
   3.8873689360590215E-003
   3.9443032312345477E-003
   4.7734904260595045E-003
   5.3855147937437783E-003
   5.7904175022859758E-003
   6.9528529065295700E-003
   8.1877344970598190E-003
   8.5535757582657600E-003
   1.0257603626810011E-002
   1.2336152066453583E-002
   1.4560519219207532E-002
   1.6234568244941270E-002
   2.0412973547636028E-002
   2.0664205365550439E-002
   2.2625841786630241E-002
   2.5679676464935658E-002
   3.1187788750781993E-002
   3.6098662322191770E-002
   4.6726936193308879E-002
   5.2838200637395694E-002
   7.0929466854834866E-002
   7.7068384503903881E-002
   8.9604158808263237E-002
  0.11483972451638631     
  0.16398947998127289     
  0.20377498685177994     
  0.24378750614140876     
  0.28181383313777769     
  0.31503309436560728     
  0.35424251960343317     
  0.48954022748641429     
  0.62542554735996170     
   1.1009167887096116     
   1.3221568227565825     
   1.8640350571161075     
   2.1803568048081003     
   3.2291792072963794     
   4.7063079311198841     
   9.3278256211960198     
   22.259680612275350     
   27.962782737069830     
   99.404375143750102     
