  0.62700356977683369     
  0.66426655003622059     
  0.25904058348775977     
  0.11170058458025932     
  0.58066116553067781     
  0.77013964257939760     
  0.38606037663218595     
  0.23995470977934402     
  0.79187133656374786     
  0.63283162648060431     
  0.40756355864585381     
  0.71780388291282171     
  0.28045072671961552     
  0.56902074746906772     
  0.68114240154673544     
  0.40061116316653100     
  0.63382036883554460     
  0.33794675677526242     
  0.54801440532570544     
  0.57614513731047579     
  0.25630613567124938     
  0.66560108794969530     
  0.79452518893571122     
  0.64883050691767907     
  0.72511842924094072     
  0.70593797756958054     
  0.35345862332545874     
  0.22364832797617218     
  0.20613089530128201     
  0.76508455299208933     
  0.16847339035572695     
  0.62694679273740883     
  0.76580465244531204     
  0.28112587465514127     
  0.36053939000166368     
  0.79647179703984372     
  0.62785525309388834     
  0.28566781189685803     
  0.52387183323573105     
  0.58274920535724695     
  0.15289760436354272     
  0.65409398974879285     
  0.30294090646838034     
  0.41737091641400820     
  0.64507644097134587     
  0.20825392299166046     
  0.10937284676962289     
  0.26602852874141653     
  0.45264922281211523     
  0.36854112398008226     
  0.37134742604837889     
  0.46345667174151245     
  0.19222673582103345     
  0.60604288355419844     
   7.9388911836391796E-002
  0.58074068692507363     
  0.23039358065461826     
  0.49981551624539861     
  0.72907102566199400     
  0.26989000323446388     
   7.3488439766291339E-002
  0.65659903800311858     
  0.11452678352882785     
  0.51857060730833981     
  0.25652355824936790     
  0.53452942248670088     
  0.30640318312966469     
  0.64134145675986109     
  0.56241374198001426     
  0.70093963645664958     
  0.19445690145638669     
  0.26871599915721411     
  0.11146891711637907     
  0.28398465660536421     
  0.51601799024955597     
  0.51181992045186098     
  0.46736833409119150     
  0.47074888890377059     
  0.27497489302150652     
  0.76420794004600434     
  0.23417045771998057     
  0.11829670745686231     
  0.32150851887036175     
  0.51725033117563579     
   7.3414451109714771E-002
  0.11411669278697874     
   7.3409296193230666E-002
  0.42144679763820891     
  0.59580204205111975     
  0.23012868731346392     
  0.53961756029157326     
  0.24410566923986374     
  0.70755245656102006     
  0.54864313930591424     
  0.30741324974636713     
   8.9286268660115520E-002
  0.46836122147482179     
  0.18969600500012518     
  0.69015288744640713     
  0.60562456564456280     
  0.38761685214054681     
  0.33366064357445285     
  0.31208175623847967     
  0.74203230152267619     
  0.37618742405408051     
  0.21228133078249969     
  0.74080257070011157     
  0.16111929571378286     
  0.25001171379100290     
  0.74157038916163898     
  0.28330193141465992     
  0.51701814418969660     
  0.55026256267675722     
  0.16072527425591604     
  0.12404277300387970     
  0.55544311551795444     
  0.23352109979634653     
  0.56572425715706676     
  0.13065128355159569     
  0.45986791941342325     
  0.69046519597768752     
  0.79300233054302594     
  0.45996076568137573     
  0.36534803332108279     
  0.20139678718418763     
   7.7677801827124901E-002
   7.3409013530935013E-002
  0.79363518020337476     
  0.11413155040643982     
  0.23500153197573392     
  0.25587197685484125     
  0.30025842550583892     
  0.30679618757176419     
  0.67728025817393178     
  0.46893527772975657     
  0.34055047096995938     
  0.80720375449964565     
  0.68456349207056044     
  0.19791398974555915     
  0.19056874490498832     
  0.74448059676608336     
  0.76177863642827048     
  0.52544138114396322     
  0.17953262819558669     
   7.3411263088245776E-002
  0.44658507900954603     
  0.69776263003907024     
  0.76637966689238080     
  0.61929181154365931     
  0.44661998223507959     
  0.44733923732234959     
   7.3414382628218228E-002
  0.46537031534155393     
  0.42810411396808978     
  0.55175467337299244     
  0.73163087701548579     
  0.37580599470122289     
  0.55937974523720468     
  0.71532490019289441     
  0.50084636902852797     
  0.34878750433433930     
  0.76135302680199746     
   9.5891833242671878E-002
  0.34002321120669354     
  0.34016992206179181     
  0.13480425418760486     
  0.30920184006591578     
  0.61605374406361435     
  0.16547684417208794     
  0.10399292540698059     
  0.49497700497805242     
  0.14195890119433055     
  0.76515643145133982     
  0.68923796543577887     
  0.63450690204984805     
  0.25985030448040441     
  0.57166054265101152     
  0.71458284649763593     
  0.61144138234999490     
  0.67475487389292099     
  0.79886644523924100     
  0.58685900898596011     
  0.58237609139347113     
  0.72440886181460407     
  0.52472099428473096     
  0.54210797627847551     
  0.39556140904042064     
  0.70967992454289930     
  0.26135211598849584     
  0.63174424636418791     
  0.41233009161414613     
  0.41658954055802466     
  0.41698535247031082     
  0.53303776898645117     
  0.12110159559329449     
  0.27199944694624123     
  0.10044937154796217     
   9.9639137842878117E-002
  0.77713097829390532     
  0.27267049864116810     
