   6.5822222767506251E-010
   1.0909671267338896E-009
   2.7985483680453441E-009
   3.4698614603645932E-009
   4.5571913040740329E-009
   5.9158522425053208E-009
   7.9774090374231818E-009
   9.1985127133588332E-009
   9.5443613139436664E-009
   1.2988130076329139E-008
   1.8190937768539811E-008
   2.0307517842258637E-008
   2.5457111290960913E-008
   3.1440616776695828E-008
   3.6151533261576564E-008
   4.5341149918322906E-008
   4.8416098350763258E-008
   6.5274366522861855E-008
   8.1571356074543787E-008
   9.4881903764368866E-008
   9.8443397781632118E-008
   1.0808400689042181E-007
   1.2110774618329426E-007
   1.4227093540701862E-007
   1.8226347715588880E-007
   1.9164514681053286E-007
   2.6391438329883688E-007
   3.4838441646683128E-007
   3.6961083395095758E-007
   4.0444969720340476E-007
   4.2780900444554405E-007
   4.6106281404786754E-007
   6.1230225355630166E-007
   6.8558393634828069E-007
   7.5542833981357207E-007
   8.6669953871021681E-007
   1.0159183596976414E-006
   1.0716941431676307E-006
   1.3444163330523562E-006
   1.4810049704680303E-006
   1.5518799950305280E-006
   1.7850014864679378E-006
   2.2837493936251939E-006
   2.5613158651834841E-006
   2.8741268336595650E-006
   3.0175748190058161E-006
   3.2804416653759194E-006
   4.1877776457878161E-006
   4.7404009921433745E-006
   5.3165315068701057E-006
   5.6145617773866809E-006
   6.2377329083451837E-006
   6.7023502959034464E-006
   7.3046356388758052E-006
   7.9391614098902005E-006
   1.0476799538734335E-005
   1.1608693816898139E-005
   1.1806679195061765E-005
   1.2779749693355810E-005
   1.4681497096522178E-005
   1.7002042635722848E-005
   1.9640396903547190E-005
   2.0551041946756493E-005
   2.4907898194277070E-005
   2.7487067644920691E-005
   2.8772958803544116E-005
   3.0885515405844217E-005
   3.5400450080507599E-005
   3.9695271273920250E-005
   4.1736480236308912E-005
   4.6671455433143693E-005
   5.8997163553485145E-005
   6.5615632226723069E-005
   6.9310177834248248E-005
   7.2000100464412494E-005
   8.4257820675155617E-005
   9.1849085147326643E-005
   9.8011209102159897E-005
   1.0899825949875537E-004
   1.1692818610307567E-004
   1.3024748163007537E-004
   1.4051140370532645E-004
   1.5635506771397703E-004
   1.6539341477428643E-004
   1.7842966779880084E-004
   2.0980965005269213E-004
   2.2106051953198739E-004
   2.4455682908326894E-004
   3.0236952166196453E-004
   3.3779458079522071E-004
   3.5558120395743985E-004
   3.7220662948498267E-004
   4.0866665990878356E-004
   4.3402930193749812E-004
   4.8496228427303547E-004
   5.1136802504620469E-004
   5.8017758916182574E-004
   6.2106328219514945E-004
   6.7452812628096765E-004
   7.2622390109327933E-004
   8.6091851346144623E-004
   9.9774414590117575E-004
   1.1178197592215449E-003
   1.2019574275101903E-003
   1.3315495014869041E-003
   1.4195947492832638E-003
   1.5447193588540326E-003
   1.7195013774346023E-003
   1.8470033123807799E-003
   2.1085420206551440E-003
   2.1671512148876654E-003
   2.3222575396782664E-003
   2.6631868549203230E-003
   3.0390941276766258E-003
   3.2167647973318459E-003
   3.4798068486012446E-003
   3.9593213872068656E-003
   4.3744041320976333E-003
   4.6728091220114582E-003
   4.8265834807342169E-003
   6.2340482838435509E-003
   6.5893518151341184E-003
   6.6708708678560229E-003
   7.3929086484177597E-003
   8.3418584967043206E-003
   8.7645126988371378E-003
   1.0112115975830055E-002
   1.0461263516596535E-002
   1.1216756816203046E-002
   1.2257061066206042E-002
   1.4677106877088959E-002
   1.5340941267469033E-002
   1.7010546941301601E-002
   2.1273450303611427E-002
   2.2299810242918584E-002
   2.3453861844704729E-002
   2.6305142936179006E-002
   2.9556983798851817E-002
   3.1608715530304796E-002
   3.4103119537220034E-002
   3.7738877217449798E-002
   3.9195125948747862E-002
   4.4279433998065623E-002
   4.9625209620796758E-002
   5.8618029595804859E-002
   6.4859947201897902E-002
   7.2860173103632242E-002
   8.4247419816970787E-002
   8.7296195283207506E-002
   9.1235094471926168E-002
   9.8135048093117488E-002
  0.11983430806029034     
  0.12341674384807948     
  0.14543844714180948     
  0.15787913421069333     
  0.18613998455320308     
  0.19623095544929828     
  0.21022624931170536     
  0.22023073522964018     
  0.26333149080308310     
  0.31835660696078227     
  0.34344615906879838     
  0.37618882701348516     
  0.39413133610527801     
  0.42444651591077981     
  0.46262232274905329     
  0.55130644919115734     
  0.64673690079770207     
  0.71858149804610083     
  0.74016111761316816     
  0.85208270755082449     
  0.88893365761932897     
   1.1165907718508710     
   1.2195225265551071     
   1.3917642706796176     
   1.4186086532474176     
   1.7120758931485840     
   1.7699074880523089     
   2.2074753429047917     
   2.4463007086715103     
   2.6378386572793167     
   3.1392110595156804     
   3.4094647726552902     
   4.2507421745779093     
   4.3665168301920003     
   4.8687989903516664     
   5.8634971235244127     
   7.4653139750794351     
   7.7134758901116935     
   9.1948163268840517     
   10.484262720545587     
   12.633292058065694     
   15.319331991034204     
   17.561229164309871     
   20.627580708639808     
   23.703790224609669     
   29.602193031126447     
   36.737531481183701     
   51.740606618719831     
   55.533778020703053     
