   1.7452328974477653E-014
   1.9509753465444356E-014
   4.6824310250680788E-014
   7.0848611698141510E-014
   9.0725074951243352E-014
   1.6984609737367187E-013
   1.8776541509577530E-013
   2.9445894144354937E-013
   3.1439077064041231E-013
   3.9202906841955469E-013
   4.4224327640005111E-013
   4.8776609642021901E-013
   8.5000673977611697E-013
   1.1038770526822346E-012
   1.1947637834614116E-012
   1.2695733000009606E-012
   1.5917754605270950E-012
   2.2941779485265258E-012
   2.3476358092648089E-012
   3.0008750627120822E-012
   3.4713312394216935E-012
   3.8557033356179461E-012
   5.3629691537392405E-012
   5.4262314139733626E-012
   6.7072713852123609E-012
   8.7388882593990529E-012
   9.4990919403423339E-012
   1.2748577112197782E-011
   1.5568582180694987E-011
   1.8380084334156829E-011
   1.9376295411745117E-011
   2.1411613931652210E-011
   2.4451316444573778E-011
   2.5060517041722266E-011
   3.0616275358169007E-011
   3.3719134873836008E-011
   3.9086351782201211E-011
   4.2637097669986652E-011
   5.1125706839025333E-011
   6.1071777584165689E-011
   6.2030049889452566E-011
   8.3199723715192206E-011
   9.0175688512015879E-011
   1.0591370887485302E-010
   1.2116129138290677E-010
   1.3310800470959449E-010
   1.6392576394869483E-010
   1.8053053189957362E-010
   2.3360701052666274E-010
   2.5753565726406851E-010
   2.6305356823195202E-010
   2.7734378192445217E-010
   3.0426276630343461E-010
   3.2106829214250883E-010
   4.1106285007427601E-010
   4.7403871173691860E-010
   5.1398798645427060E-010
   5.7742501658968580E-010
   6.7545288482983407E-010
   7.9564684071827073E-010
   8.3655532839073225E-010
   9.2280494385650321E-010
   9.8308710968615518E-010
   1.1101707630292284E-009
   1.2695285513075544E-009
   1.5444693592214543E-009
   1.5879619129847985E-009
   1.8494902525741526E-009
   2.1145337065642912E-009
   2.4607175821805934E-009
   2.5827793826636223E-009
   2.7106777455194804E-009
   3.2007964967225959E-009
   3.4052316861086671E-009
   3.7850436930063785E-009
   4.2049814885919445E-009
   4.4034119772821342E-009
   5.1179829319942330E-009
   5.5501895579784508E-009
   6.2596533866207232E-009
   7.0819006077155602E-009
   8.0541141803945859E-009
   9.1581988034353031E-009
   9.9788866215047204E-009
   1.1109153581254340E-008
   1.2211401170850095E-008
   1.4157132407624919E-008
   1.5176336791147614E-008
   1.6758862050247811E-008
   1.7895721407165138E-008
   1.9278892027447820E-008
   2.0608547015553405E-008
   2.4414195755007568E-008
   2.4924889557820358E-008
   2.8943287183019331E-008
   3.1792747924028587E-008
   3.2417259362680673E-008
   4.2931947223085625E-008
   4.5398166928633362E-008
   4.8832559915480938E-008
   5.1196218198286132E-008
   5.9403269617259798E-008
   6.9118206120303153E-008
   7.1161287097408319E-008
   7.8659438719898494E-008
   8.4682882230414601E-008
   9.2083996224573056E-008
   1.0242001437612641E-007
   1.1613557119185973E-007
   1.2123227708328532E-007
   1.3593083103961496E-007
   1.4714028369100503E-007
   1.5824855550402931E-007
   1.7029940801805107E-007
   2.0992413577760397E-007
   2.1905824131657674E-007
   2.4988080840601786E-007
   2.8792651643800722E-007
   3.0250671148746466E-007
   3.1660824866962383E-007
   3.6805284426430600E-007
   3.9183717806984282E-007
   4.0907800857695912E-007
   4.5160418325619007E-007
   4.8185548288745915E-007
   5.3956925799047042E-007
   6.0130408045730234E-007
   6.7176901823790998E-007
   6.9255544462601663E-007
   7.5855563849340383E-007
   8.3303432522340759E-007
   8.9163367528480269E-007
   9.4329762364915778E-007
   1.1462905333392191E-006
   1.2418831941607704E-006
   1.4328484861517114E-006
   1.5780082109739499E-006
   1.5924204322188591E-006
   1.7138674493939186E-006
   1.7456388709180412E-006
   1.9071088000905991E-006
   2.1302425629069499E-006
   2.5423845836032697E-006
   2.7428300622937301E-006
   2.7891569503445652E-006
   3.1035408209455474E-006
   3.6470037893721351E-006
   3.9376393255981895E-006
   4.0078993243664610E-006
   4.7515090560150975E-006
   5.0926739267719029E-006
   5.5484185810810378E-006
   6.1963526688197419E-006
   6.5087681385217381E-006
   6.7303075782131236E-006
   7.8441721176296527E-006
   8.3701131140908930E-006
   8.6003957471813165E-006
   1.0027202407332611E-005
   1.0680325753345975E-005
   1.0995075818468403E-005
   1.2254320251730120E-005
   1.3573819904332730E-005
   1.6063183290967882E-005
   1.7400915971205513E-005
   1.8237562375161344E-005
   2.0747264120960955E-005
   2.2203394807310760E-005
   2.3507601781366580E-005
   2.5019027634509443E-005
   2.8448819357418332E-005
   2.8836978081633910E-005
   3.1666968678214069E-005
   3.7544212207401538E-005
   3.9979428625183013E-005
   4.0743952741780921E-005
   4.5615808139966787E-005
   4.8998882146143758E-005
   5.3922605987829730E-005
   6.0478964601784684E-005
   6.6241530021977701E-005
   7.2156305653236938E-005
   7.9010369030915043E-005
   8.6447432784209614E-005
   9.6644548882255786E-005
   1.0336526913500368E-004
   1.1476355482070151E-004
   1.2379595896918857E-004
   1.3339869558844634E-004
   1.3960158547627542E-004
   1.4818220401556243E-004
   1.6314684168381702E-004
   1.7208265777056756E-004
   1.8131071781734775E-004
   2.1611082546025526E-004
   2.3346062525350669E-004
   2.4276747933769065E-004
   2.8111013945732036E-004
   3.3281761436694627E-004
   3.6113232467588721E-004
   3.8312309358773568E-004
   4.0010156000152647E-004
   4.1808979308113507E-004
   4.3243619956068419E-004
   5.0024798974230016E-004
   5.5088388976978222E-004
   5.7845777823370610E-004
   6.7693630827405651E-004
   7.2670443869921086E-004
   7.5748135051022952E-004
   7.8285458803969369E-004
   9.1688292304317558E-004
   9.8868561032214872E-004
   1.0813577046955482E-003
   1.2422154561322917E-003
   1.3012751163162502E-003
   1.4106859483282747E-003
   1.6353032709218636E-003
   1.7892429485773112E-003
   1.8450836589587257E-003
   1.9787355090538678E-003
   2.1793243689359914E-003
   2.4275613720724973E-003
   2.5570433349178848E-003
   2.7430345901165156E-003
   3.0951528722590656E-003
   3.2819420470704404E-003
   3.8359638552985507E-003
   4.1760331514373774E-003
   5.0546583845546729E-003
   5.8269317840184773E-003
   6.0053124167962352E-003
   6.3407503899176277E-003
   6.5050126344377047E-003
   7.5542629415527680E-003
   7.7143257446523816E-003
   9.0314164420491512E-003
   9.7082326963193570E-003
   1.0997900504497359E-002
   1.2179826562379575E-002
   1.3848066606360510E-002
   1.5317038434142097E-002
   1.7117827304438241E-002
   1.8366151741546127E-002
   2.1139799341604138E-002
   2.1449062881615227E-002
   2.4842972463595462E-002
   2.5948966474152936E-002
   2.9124625356684430E-002
   3.1097042538584991E-002
   3.7010607485610150E-002
   4.1656156728672122E-002
   4.3862221419582070E-002
   4.5815036751382335E-002
   5.6297120166664147E-002
   6.4397123574731499E-002
   6.8188416895205328E-002
   7.6139653291928400E-002
   8.4010500005106653E-002
   9.2031172885599033E-002
  0.10143629513474005     
  0.11263769017516700     
  0.11750601825989621     
  0.13923350913283031     
  0.15374107839159548     
  0.20161942716937875     
  0.21625265608322219     
  0.22665209164908759     
  0.23229177362073317     
  0.25141322681300698     
  0.27034262018984417     
  0.35909762810498108     
  0.40397315797250283     
  0.45301774493245667     
  0.48291773980875125     
  0.53363209945155410     
  0.65541535263177975     
  0.67571639996770272     
  0.81723169523741346     
  0.91941471767534133     
  0.97530132036817907     
   1.0614006675803709     
   1.4888163612316800     
   1.6734868686940876     
   1.7969515339843045     
   1.8681819971436957     
   2.2214029471139241     
   2.6376015004641427     
   3.3958386459695697     
   4.2126625117873067     
   4.3449527974486237     
   4.5364745965422557     
   6.3445876247877697     
   7.4919603849229075     
   9.2342214092624744     
   11.277374240967362     
   12.234212431910525     
   18.529136509978468     
   19.208598202503651     
   27.179950515604247     
