   8.8573802548751566     
   9.4142508734968064     
   2.1293374884114362     
   6.0259195332244904     
   6.7527331595231264     
   5.2692580635012476     
   7.2865138658871578     
   4.5338623394129991     
   6.5009836673032462     
   4.9024718999410197     
   9.4866968493505066     
   8.6222971009851079     
   4.5433260424783652     
   4.2597069010710840     
   8.2808753788230760     
   6.3012448045071396     
   2.0946169672467527     
   1.7338333297582433     
   1.5748046772806317     
   6.8554163762377627     
   1.5796571268865354     
   2.3629710259271701     
   5.9275746010889918     
   8.2134030417633141     
   6.5387075433718511     
   8.1266749066122816     
   4.4772078365006545     
   2.5951473072960538     
  0.67454219477575583     
   5.8619295834179095     
   2.3915857444619752     
   3.7737628051901062     
   7.8532580763931970     
   7.5682094722557673     
   8.5249906444585619     
   5.5457789008627998     
   4.6866563627733040     
   6.3716220646158197     
   7.0858693240593125     
   5.0590825646797208     
   8.6635862874794487     
   9.2283041192483299     
   7.1745483518369841     
   6.5122022449668480     
   8.2340270233323345     
   9.5144151596488218     
   8.2509475312644600     
   8.4109948185440278     
   7.4157656593444434     
   7.3389778857694825     
   9.3604281973197025     
   6.9776623598031744     
   6.7982996374697988     
   2.3081482231225023     
   7.9783534683189732     
   4.8533031186639635     
   8.8018150417096113     
   4.8487586881789309     
   4.1317462518295427     
   8.6229205851934836     
   2.6094822086237195     
   5.2778727968880155     
   9.4680195271462555     
   4.0147741863043187     
   8.7439623413895120     
   9.1130567439025256     
   2.4019286374932238     
   9.0592899751137725     
   8.0574461873201528     
   8.1082689747920647     
   8.0191294313532797     
   5.5697280413828478     
   8.3863478942050769     
   7.6282170010338701     
   3.9993240771390028     
   7.2811335206945262     
   7.8099302303598659     
   7.0042164629429760     
   4.7409030603818705     
   6.7143445611813561     
   7.1729926560448494     
   8.6455543661596010     
   5.3536579941106810     
   8.6377831856202842     
   8.2915759442608525     
   5.8146398216013058     
   7.2041273255171969     
   9.3841770400481472     
   7.6669806821815927     
   3.4217810375873938     
   7.1258886971667046     
   7.6133985112439335     
   9.1736149992918019     
   7.2080208601061262     
   5.3833017025009768     
   8.3786139896975040     
   9.4484788501331991     
   9.3004625155372072     
   9.0996393530555473     
   4.4669101092020558     
   1.7932824278194455     
   5.4912227019342277     
   8.0212126163595148     
   2.1217613376506121     
   8.3436725761166404     
   4.9677376222843810     
   7.6642775782504842     
   5.1110763429140960     
   9.2196984335475545     
   4.8908554045886383     
   8.7456422160398635     
   6.4534382410993416     
   5.4838328248682133     
   7.1879229641790463     
   5.9987702921859922     
   9.0443526847318889     
   8.7346307731192763     
   8.9340523131503424     
   4.8047077477643825     
   4.5658120706160465     
   7.1418758642376670     
   5.0838764686600646     
   7.4434989468179067     
   7.9264206843510658     
   1.7965911600085276     
   7.6600373744185131     
   5.7447228124155219     
   6.5128654805527226     
   8.7196419936845135     
   7.9743978575198096     
   8.8588413416608240     
   5.7329569121644139     
   6.5484226843821203     
   4.4976188813273987     
   4.1692350320395857     
   5.8004115735737765     
   8.2368054957133303     
   9.1153952256214019     
   8.2795457990214931     
   8.4765330985244880     
   6.3532453598994563     
   1.9348951680969722     
   3.2385916407185724     
   4.0984698050799730     
   9.1725417197323651     
   6.0117004403311007     
   7.5188716505434465     
   3.2506566777548143     
   5.2773823161772739     
   4.9354205335490811     
   9.4161051394645305     
   8.7988265765667002     
   3.6755350252625854     
   6.2911512749642355     
   7.6074117729467519     
   9.4339394820980456     
   5.1874221968522205     
   2.7805124345811447     
   8.7770775517621384     
   1.8461633371041808     
   7.4260439579654731     
   8.3742284565574323     
   4.8307087815326684     
   2.2298579576381363     
   5.5690132306474140     
   9.1326610398889887     
   6.1882389258975010     
   5.8676984005366988     
   2.5754742438838449     
   8.2929117026392962     
   6.1030015683144150     
  0.58665691925981955     
   4.2208811565739728     
   7.2128376263486418     
   6.6718365206495029     
   6.9816244548941357     
   4.2747256756485363     
   5.5187659227928023     
   2.4593293237045049     
   6.7846107887644953     
   1.5757394818005512     
   6.4989065358823268     
   5.1381638932004794     
   6.0534825925094742     
   4.7141117227127198     
   9.2765893072359571     
   6.3237585246541590     
   9.3265536425312305     
   2.1522471934499028     
   7.2701740054926445     
   7.9636176433028139     
   4.0643281815806791     
   6.6753442179477807     
   7.8965446530004195     
   3.5289928249419442     
   6.2122074093394266     
   8.2708811086450389     
   5.1661992670884329     
   6.2791664178572670     
   7.5306783301386409     
   8.6800262247224307     
   6.7357159979465013     
   9.2771066403375446     
   7.2748241151963704     
   8.6999783491801743     
   7.5319326745523210     
   7.6630078087187847     
   1.7037686896062203     
   7.6680062218116936     
   9.0300546801418395     
   2.1185093869275815     
   2.1630512992942124     
   7.7097843417351486     
   3.4803929883849656     
   8.9293602603857174     
   4.3006181078848353     
   8.2295371998815590     
   9.6072202498351782     
   8.8400038827987597     
   4.7430640497510277     
   5.9350456026179756     
   7.9377154345221372     
   3.6963269880898628     
   6.3514229746064892     
   7.9975012111370898     
   6.8423660883651873     
   5.0980690597800615     
   9.5968304653589271     
   9.5526820463138300     
   9.1004978222731605     
   3.9925671301099874     
   6.1364643529461516     
   5.4540827013469508     
   1.9778789194101440     
   8.0455415542609980     
   1.8402570992339826     
   7.2217037887713609     
   8.9584331583440715     
   8.3661547823327975     
   7.8460754995428834     
   7.0125681355938578     
   6.5437225423404151     
   5.0941569054059030     
   6.6187922683533316     
   2.9983384580935395     
   7.9547827766422374     
   5.8579603316986777     
   6.2556722385160120     
   1.8460067902920470     
   7.9312527403518089     
   9.2954110716956588     
   7.9033935240950886     
   6.0652663585933517     
   4.2357617534398528     
   6.2549347129118127     
   3.3982067275948742     
   9.5197726781427061     
   5.5963499802083803     
   7.3057001394139380     
   1.4606877444182851     
   5.9081471623255473     
   2.5004090028760504     
   6.1713639099030289     
   6.3442994600271545     
   7.5544195314144407     
   8.8379047738572574     
   2.1569400899127853     
   6.9375926436427342     
   7.3322703944750502     
   1.9946847967253603     
   1.7579702866220979     
   9.3839018962713308     
   9.1650552638382070     
   4.1400035281097614     
   4.4313524517955392     
   5.1996230283098077     
   8.6123108794758636     
   4.8443384506500768     
   4.3624701398894103     
   8.5299576479843804     
   1.1466654189877892     
   6.6971811299527548     
   8.6224376325209704     
   3.7909899077749527     
   4.3374395976781273     
   6.2252190646223280     
   3.2089670981242633     
   6.8670855238968276     
   4.8309956968238765     
   2.0199945975881133     
   8.9244583609104300     
   9.0667365827591286     
   4.9885480754360954     
   9.0746174152687864     
   7.4960547756067415     
   9.6153693117137600     
   8.3889297993645240     
   2.0594226374913034     
  0.75093372727962149     
   9.5665613261278732     
