0.9986 
1.9901
2.9562 
2.9853  
3.9260 
3.9824  
3.9858  
4.8702 
4.8987 
4.9863  
5.8170 
5.8670  
5.8815 
5.9913  
6.7379 
6.7649 
6.8534  
6.9989 
6.9994  
7.6595 
7.6977  
7.7369 
7.8327 
8.0094  
8.5541 
8.5764 
8.6779  
8.8113 
8.8152 
9.0217  
9.444 
9.467
9.552 
9.629 
9.794 
10.0354  
10.0356  
10.30523  
10.318  
10.463  
10.573  
10.590  
10.774 
11.0497 
11.152 
11.160 
11.325 
11.383 
11.534 
11.750 
11.752 
11.968 
11.966 
12.065 
12.206 
12.334 
12.277 
12.480 
12.712 
12.748 
12.762  
13.052 
13.077  
13.087  
13.081 
13.23
