   2.4118494922455289        1.5260297985098301     
   1.1640488943620939      -0.21956118647871037     
   1.6932730392518396        5.5381721163196449     
  -3.9433463333192620       -2.6987042327525850     
   3.3025251143293799       0.64269635809568371     
   5.1503106692478822       -2.5967670111440668     
 -0.25170552579167982       -3.0491432902399187     
  0.45852292879605283        5.5998478386957533     
   4.2317451370428900       -2.6912926219306028     
   3.6777273398011969       -3.7791603628649653     
 -0.33393044351055767       0.89535635244023304     
   1.5573786703928265        2.1945512107145433     
  -5.1132823898475674       -1.5080848112594736     
   5.3555967402554883       -2.7412243265716851     
  -1.7573503706790463       -2.2901208141239553     
  0.25739281307019191       -3.5826627216918943     
   5.8449689122115371       -1.8780134442773626     
  -1.7668590054031279        5.3689171928239077     
  0.32762051918100177        8.0511161148162387     
  -3.9506354079207431       -1.8077691021432392     
   6.3227295518290871       -2.3030770770655531     
   4.7957542548887178      -0.71755322851743397     
  -4.0129230169030574       -2.3474673974717999     
   1.6421231800207510        2.6325872312212031     
  -1.9278689366831925        3.7970723745708135     
  0.34918896433096336       -3.1224768388834598     
   2.1453805327905977        4.8289404034945562     
   4.3075183197754106        1.1516690880968214     
  -6.4675421074239310       -3.9415623972315861     
   4.2484953225034472       -3.1319937912457814     
  -4.3423444012076677       -3.7492429987347613     
  -5.0130709176022545       -3.3928983460951043     
  -2.5373846450784949       -2.8059844200019541     
   3.6641629709330212       -2.7905926202594245E-002
 -0.43508355495890072        2.4474035363463358     
  -1.7162400594049414        5.1235876346182501     
  -5.1793207844001552      -0.14792390333063565     
  -2.5093871301359369       -3.2033682120078950     
  -3.0076454804919539        2.7935968098032564     
   4.7816208660735233       -3.0505172245217462     
   2.4555638722134114       0.88948121321830786     
 -0.74958490661585753       0.75360724908472232     
  -1.4916873637985431        2.7503938422774636     
  -1.1105733631778962        4.3623894313436260     
   1.3413387841506408        3.1179589329780200     
 -0.76716660846183071      -0.79085296294232421     
  -2.3543231637144437       -1.6939034371839887     
   2.6197176990715532       -2.1987883945462237     
  0.75039903294864363       -3.5703516348247311     
 -0.92617827041784295        2.9650676939878302     
   1.3187373979258483       -1.0889376915282996     
   2.0029930400586400       -3.2294784051134728     
  0.13554993199042453        4.6996865544566706     
  -6.1180142845390062       -2.8496848021676948     
   3.2017051550580691       -1.0147226768167816     
   5.2255680499891346       -1.3304770249264051     
  -1.2520532541390077        1.5819211863927300     
  -2.2270387541925816        3.9392869726565358     
  -2.1662006686829853        4.7799182838744443     
  0.90677403945903290        2.7871820735295394     
  -1.1782750404993649       -4.1988693693168830     
   3.6920645423505638       0.40476474082697944     
  0.40957949981426900        1.2346077371741275     
  -1.1369231316233828        5.9233600532657373     
  -1.4650926907493007       -1.5072046524217377     
   2.3686395809559917      -0.44916453636387299     
 -0.24411201699293539        7.8288853332427948     
   1.4030155075926709       -1.1039567282443623     
   3.4297217287539707      -0.32620681439607324     
  0.89411396037118873        2.8150269940140253     
   2.0060284532209129        2.4407301110351893     
  -1.7325174217296926        4.5702340249584079     
  -2.3395316011599103        2.4542590130617112     
  -3.2008587092585490       -1.3670185285618897     
   5.6167528381652430       -2.2600926695851458     
   3.2114170202936014       -2.6905473353297271     
  0.44022326291038905        2.8580568952795744     
   1.5063703743522643        4.5790879470281922     
  -3.1381831401619351        3.2686370877223947     
   4.5938161653166949       -1.9436883697386005     
  -3.6867333886906151      -0.64909888797565829     
   2.1355464881117010       -2.2332838104792567     
  -1.4394693750522150        5.1493794711717680     
 -0.95667380251397649       -2.4933535663720692     
   1.4979411351196026       -3.0486724451737266     
  -2.1729628365394724       -3.6694505246858826     
   4.0989105233923526      -0.40908302150915343     
 -0.73622632365308327      -0.15704658274389960     
   1.8505907026977981       -3.2691552196071498     
  -5.7762925659212101       -3.4856040167909663     
 -0.69323614716402382        4.1047393701963060     
   2.4932933297801538        2.2413347926079403     
   1.9296884146928042       -1.1873718245278795     
   2.1409680682745398       -3.1142101775880469     
   1.8955088867768781       -4.4493910410303075     
 -0.55689436310366869       -2.7635132836456475     
   1.2157282561198697       0.48801531330628123     
   1.9042851085040402       0.48887732130548400     
  -1.3554553542663372      -0.91995917590502474     
  -5.1694393899119824       -2.4655473573878659     
  -6.2840222685567966       -4.2312642746750457     
  -4.5329356412173327       -1.8162355849326004     
   3.5836542029867795       -1.8078373785480570     
   2.7182954079202828        3.9705867043588139     
  -1.8205364831783122       -1.4515885281611576     
  -4.3217073634939718       -2.1017520229617954     
   1.3860438352772659        3.1577173973036468     
 -0.66448857762017877        5.6478667803694051     
  0.17907966730815428        1.5883892494351830     
  -3.4150496011289846        2.4830722533465313     
  0.28013184972781247       -3.0214858298473186     
  -4.0056162031017495       -2.2445949878254856     
   1.5020817099101373        5.2497560932295464     
   2.8707020184096868        1.7059329018688745     
 -0.39788652159996207        5.0897241075561954     
   1.1655529905592283        2.4389400548846307     
  -2.2008885295925102      -0.52906726628211143     
   2.4079365240176847      -0.21102326001967775     
   4.4517798487418085       0.72637962495527209     
  0.89555386775024370        5.7023033226629725     
   2.7072202339384601        2.6145410699707918     
  -4.3503511146936988       -3.5384045009932814     
   3.7662273025952198       -2.4295632574392498     
  -2.7721297085577197       0.92980080148071931     
  -5.6195913333751513       -1.9940381420838356     
  -3.1599741614066410        2.2931978231713659     
   4.8947243432578107       -2.7600343331519221     
  -3.4091219454773909        1.1933519210000467     
  -2.1366518833563140       -1.4684371182901241     
 -0.82998918685616374        3.0900718290573437     
 -0.27583694618668808        1.9574588411074014     
   4.8012934029534629       -1.6923007356453206     
   3.9291327563040239       -2.9639838615320437     
   2.6587481588489110        3.2679159130058419     
   2.3053484835948135       -4.3643786465641385     
  -3.9933698435272911       -3.4979478057380602     
  -1.9464855300734101        1.0773497658872815     
  -1.6124719030351988      -0.14757830688842866     
   2.2615042560265541        1.1185228725289136     
   2.9167883714246594       -1.0152291768150379     
  -2.9831809683974795        1.4589010793707597     
   5.6714776620677911       -4.1432420538680299     
   5.4642150811900558       -2.9059595176283235     
   3.5028802480935175        1.7407322229382967     
   1.2113246968020546       -2.2255277212343190     
   4.2250432482416729      -0.46713736927644778     
   3.8237351972288840       -1.4287406977648263     
   5.5368277792572682       -3.5023773224999810     
  -4.7725992851590160       -2.3675766181354274     
  -2.9790422839681696E-002  -4.1869200278837102     
 -0.59876792854227912       -1.2034244240874523     
   1.0622559039324697       -2.6435123751299265     
  -6.0121454878428526       -2.4953798597406407     
   1.3817776740621008        4.7618831849178882     
 -0.54893125988508817       -3.2662556933521771     
  0.74743652349246847       -1.2540031627663342     
   1.9706814955662724        4.7517653534594917     
   1.8727717510064865       -4.2195842097783860     
   1.6141250162323191       -2.4828573680119916     
   1.3686980022058597        5.8214113931056453     
  -2.0144162226940656       0.99535007462562142     
   3.2272958894055934       0.69504708619538835     
  -2.8224884108191741        3.3695614214529810     
   5.8071603508101548       -3.7301843889966628     
  -3.7170026870106945        1.8573047683992927     
   1.6311612968093572       0.54670473466262148     
  -3.3135045272402612        2.5887865752841224     
  -4.4424141519607119      -0.65639420378707092     
  -5.0661836202230148        2.4587167880833150E-002
  -2.1638650338861583      -0.13289952766780644     
  -3.1313501528087766        3.1353821195910507     
   6.3244896011211926       -4.2776716232746947     
   4.9429763566789466       -3.2901428838330338     
  -2.6723022269192835       -2.8464597077251557     
  -3.1338222904691815       -3.0742649132388422     
   3.8564850580686150       -1.6583091246919941     
  -4.6855697150679729       -3.8349798369119896     
   4.3516059564803955       -3.4410677553391231     
   7.5257202102690712E-002  -4.2099134969291603     
   2.1874753489188299        3.5341612905166624     
  -6.4413177602305840       -3.2825734284423085     
   1.6266703869734682       -3.7702834603102522     
   4.9877685093966653       -2.7527891599177208     
   2.2108568562959396        4.0059622093302369     
   4.4371080863323185       -3.5020119050871741     
  -4.5930767199957145E-002   1.3496639091596156     
  -1.2781490342421042        4.7853268727460954     
  0.81423173555620654        1.0833529971892890     
   3.1810228712961566        2.0242450438204420     
  -1.8961084165270785       -3.2549062555990300     
 -0.54061958326214299       -2.8676996678796787     
   1.5232102195524915        5.6038213534713730     
   4.0318046521592175       -2.6047468549752422     
   3.4897925619229833       -2.1515527667913372     
  0.18634968111883854        5.9322300589696582     
  -2.5125366394735353        3.6128553231249843     
   1.8936094126175229       -3.0659546447536998     
  -3.1971854151275716       -3.3724007768291058     
  0.94683221575599763        4.8535078527505409     
  -3.0051472488623618       0.52688154113097951     
   2.9081790684909228      -0.55164801986568790     
   1.9121160215628299       -3.2678414530742943     
   1.9309976733208503        1.2840572880609757     
   3.9634075062455922       -1.1092304938739956     
   1.4246209241414816        2.5990369401058295     
   2.2010731604679341        3.0059320623043675     
   1.0151137577307532        4.0702332899188978     
  -6.4919468351216008       -2.6506104213607431     
  -1.8922671982346273       -2.4466579786425391     
  0.57380007070633621        2.4734419777911052     
  -2.1100090465197407       -4.4013573598660960     
  -5.1001829194050581       -1.2634461850118113     
   3.9997514253101487      -0.60928588032010689     
  0.69331126536962007        6.5852342306309151     
 -0.54127771549493797        1.5808283359650073     
  -5.6542060370764169       -2.1831102920138350     
  0.87255870946142355       -2.7020280098645983     
  0.39186336546157996       0.28594611842585582     
   2.6573293733874168      -0.88353380842601847     
   4.8998933270084892       -1.1102084910739234     
   3.1364516686828425       0.83895209645969082     
   3.1521822943273543        1.0220487768384210     
   5.5680894454978569       -2.7707121173902207     
   3.9557804528584475       0.19165177772707409     
  -1.0925272269415567        2.7265789363626567     
   4.3396058828341593      -0.55381770767559235     
  -3.3290358828481619        6.5224557969491670E-002
   1.0266904049640315       0.33098096890098905     
  0.65422698044002381      -0.67630530995518168     
 -0.56505250520993400       -2.2011661440802244     
   4.7262893994516064       -4.3633589554581427     
  -4.2917878049029401      -0.41771345287130934     
  0.26326157931893679        5.4113791545347389     
  -4.7520927329819065       -3.8088526249944050     
  -1.0560580833059232       -2.8510756539714182     
   4.7467458121185588       -4.3015803648286344     
  -3.4750003050088929       -1.6831288303016136     
 -0.60575653985467426        1.6307068748906959     
   3.5184398998239574      -0.50499639469658675     
  -2.2854773118118423       -2.0861301950957816     
   1.0360682021193321        4.4237472058677607     
   3.3447207483655079        1.5180288843296674     
   3.0538359518538600        3.2735006798677899     
 -0.98887901707471837       -3.8381365372317306     
 -0.87387334385673388        6.7588129701830031     
  -3.0562775349955320       -1.2044540624260640     
   2.3130477269142480       -3.6842207858854743     
   3.1161068414590529       -3.6900664445493128     
   5.8245123397760130       -2.0415600561111282     
   2.6061447477523947       -2.5968669879036188     
 -0.74899844690714268       -1.2071239028235943     
  -2.0219107512944285        2.1752645633817398     
   2.6464228464364394        2.7969023067948573     
  -5.3374217006973854       -1.7125525905726526     
  -1.6508420754372430       -3.9771013582953212     
  -3.8580134097659036        2.0187592215139967     
   1.1058211645430349       0.62416114628686170     
   2.4263220580331213        4.3038634377469531     
 -0.88971322034413181        3.2523965282504168     
   5.9522803875143842       -4.1045188384370013     
   4.7149752315323328       -2.9584158699488716     
   5.9303969375657273       -1.4978854713780621     
   4.1899644867878143       -1.1445221480982322     
  0.17030920750783896       -3.5019084604408510     
   1.7040078464464701       -3.2208771446907019     
   2.7380735303273989      -0.72824517039615877     
  -3.2119770336249172        3.1035373461890545     
  -3.2541544635618012        1.3442577804318807     
  -3.1739209854122805       -2.5446410349576269     
   2.7704801957731187       -4.1417610277710502     
  -1.2372055974653327        6.1484117116579800     
 -0.84712876565356865      -0.70765310885370747     
  0.93730998230519003       -1.4302742545303713     
 -0.41487430105770340        6.2217801257765739     
   5.2936900399608637       -1.6663851481397725     
 -0.20731485747574929       -3.5176325388379874     
  -2.0903241813370217       0.34616723932139148     
  -1.5034726613613216       -4.0483663282128477     
  -2.7970995279465898       -4.4358032274574635     
  -1.2131628300898285        2.0426892309047497     
 -0.48211178850881087        7.8946391279235435     
  -3.6949563623371828       -2.0410254037543631     
 -0.36514372974516274       -2.5592178710611400     
   4.7656608083230205       -3.6707304164132721     
  -1.5138704071395273        5.5641205114015602     
   4.6246622784241938       -2.3930165480110963     
  -5.9520991113429069       -2.7124633923324506     
  -2.0957210853779698       -3.4066650430189558     
   5.3856555231920167       -2.6514655494005517     
  -2.3519622682535433        4.7636001821167273     
 -0.56265221363533779       -2.2195535876272490     
  -1.3334756626380582       0.73726355049806802     
   1.4916867855000193       -3.6736049969003406     
 -0.59131354042391582       -2.1967709024450524     
  0.48248007374556323        3.2446424722107192     
 -0.41646672540980845      -0.89392835981917695     
  0.66606112691314134        2.8178348637149417     
  -2.9545529084780036        3.5013497556341360     
   1.6098101856374392E-002   8.0708376978452829     
 -0.64900281803661475      -0.28329736785527082     
