  0.72131630505579403     
   4.3446744940433382     
   1.6122335246062895     
   1.9834015082325529     
   2.6476915091479660     
   3.7785085941802667     
   2.1958641916572450     
   4.2613578929362363     
  0.41403542022776257     
   5.1057385069023233     
   3.8751055706952617     
   3.2147738210831518     
   2.7919445030464694     
   4.7345373351798621     
  0.13625624241663006     
   1.0875481946325862     
   2.2178415095483377     
  0.94640225633868225     
  0.26634598202330551     
   2.1729221688085003     
   3.5436996243347352     
   1.1245958965272926     
   4.6066950724675513     
   2.8537011812847526     
   1.8217605643840040     
   2.2141774902905191     
   2.2410560587533395     
   3.0874151274723696     
   3.6819985944108020     
  0.62665473996311027     
  0.69602870629035385     
  0.45398919634618617     
   5.6847075950576169     
   5.5880272875704771     
   3.6330095650949858     
   2.7064978202165650     
   4.1810056861731590     
   1.2560014301665474     
   1.5707926748234364     
   2.6627398383209404     
   1.8021806197858483     
  0.31729174894536805     
  0.60351140029136974     
   3.6673330841587370     
  0.83535444692331084     
   4.9758917659825892     
   1.2653361933013274     
   1.9600660828048995     
  0.42123156214117796     
   1.3584187292011831     
   4.4175805673946291     
  0.83839493715912428     
   3.5334924916954553     
   3.8123561913794877     
   3.1980767994766124     
  0.87234937104029853     
   1.7402062063584702     
   2.9603788746721751     
   1.9940204844501233     
   3.8427689589810750     
   4.4832672577718746     
   2.5676138074871262     
   4.6762460893612197     
   2.2645126818349013     
   3.3832144050156185     
   1.6849404024689609     
   4.1146923795934214     
   2.1121244968323092     
   1.6071444559113210     
   5.4679649918615079     
   3.3326784381903871     
  0.86116532407599422     
   1.0519780862100918     
   4.0506762517509340     
   4.0739395438800550     
   2.1698057846340677     
   5.5818892104124282     
   3.7383182606757122     
   4.3940579799628301     
   4.9077708116340997     
   3.8866736490452256     
   1.4716043477604368     
   1.0048665790532125     
   2.2765739526075981     
  0.23103181120400129     
   3.0755815648343070     
   1.6789721872830357     
  0.32824049616930084     
   1.3898108741096356     
   4.2019793122412414     
   3.6383145532493186     
   1.7481793727651793     
  0.32832481002944258     
   3.9578428364494740     
  0.55392202449559202     
   1.7076692410100252     
   5.0690231350741080     
   1.2716247894240371     
   1.6896560033035339     
   4.8327924369971251     
   1.8530626135521584     
   3.2660789413375402     
  0.72129527027556672     
   4.7970900312239744     
   1.8297094079424432     
   3.1085791796739612     
   4.3080687077171032     
   4.8196882023274483     
   3.4533796664758425     
   5.1417028173394455     
   1.4331818950462749     
   1.5994026691208578     
  0.15424375933522264     
   5.4594119242065036     
  0.17345764492723090     
  0.70189171016453522     
   3.2351637535670754     
   1.7953809604094328     
   2.4907765503455530     
   1.9449354701845509     
  0.56759006580214610     
   1.6292875773892201     
   3.4750693720532966     
   3.0293748004803231     
   1.8634433877267873     
   1.0699691240861597     
   4.9161481602042869     
   1.1206978624798287     
   1.4247845428325421     
   5.0184991271584307     
   3.0168404619980649     
   5.4709996931441260     
  0.45358385147437991     
   1.8696814202317140     
   1.5784242557713830     
  0.56745308476015688     
   5.5368901199043377     
   3.5484151386981599     
   3.5606654350872606     
   1.8013622514108176     
   2.1933141751468157     
   3.9639051796227509     
   1.7205960434693717     
   5.3757249799572895     
   1.3173382278195094     
   1.0671866823903826     
   2.6278016243085163     
   4.9454338723242435     
   3.8179456766945203     
   3.2336092957316698     
   5.1414777191124896     
   4.4479149057581902     
   3.2835260678808322     
  0.56740680625217021     
   3.9615602251765769     
   4.9303151425005716     
   1.3417136457035945     
   3.3801746459282187     
   1.7633465777948749     
   2.7085604876195601     
   3.1327332980581475     
   2.7217206390153947     
   5.2530250446268827     
  0.79326297091449971     
   4.8295496740217967     
  0.88078806082297811     
   3.0220131215541488     
  0.88430096685004744     
   2.4702314096284459     
  0.68166439675021884     
   1.8475517001127435     
   2.6399752580925129     
  0.44330149760471838     
   2.9862090234045944     
   1.0253141408970967     
   4.1704515257559578     
   2.1862778073428850     
  0.36477318068993025     
  0.86705851054547589     
   3.5890814680901637     
   3.0159181536163064     
  0.78328937868955917     
   3.1363420546790954     
  0.89198944896932741     
   1.8221209302989669     
   2.2151456608929951     
   3.5022298936042353     
  0.27238592615914436     
   5.6849193518587144     
   5.1043137386649473     
   2.9089776202109987     
   1.6111792368800506     
  0.44273519524464516     
   4.2030325130430626     
  0.55895636604575560     
   5.6216519961083087     
   4.6572917129416123     
   2.6635196408197368     
   1.8092568772772784     
  0.73428552973996708     
   1.8096305927300818     
   1.9200178169536837     
   1.3563952855222929     
   5.5768909034017433     
   4.6275956763609036     
  0.45533794461854898     
   1.3531396715989574     
   1.4056797384683850     
   2.3413745750058150     
   5.1337093193339740     
   2.5566562817525873     
   2.9437140943087479     
   5.6825885132741769     
  0.94651064451165334     
   3.4153046504206905     
   1.5468000082368771     
   1.0319102751696032     
   4.1429356327451172     
  0.48582494688825245     
   3.4628772870799791     
   2.7782082313118188     
   2.1178953494887320     
  0.57840251874259907     
   4.3573490168340028     
   1.6243574540736272     
  0.17383351922459436     
   4.4395900746674695     
   2.1828538614697042     
  0.21734972833124752     
   5.2282266509616795     
   1.4355253081242090     
   3.2322713586265572     
  0.30376070582190179     
   3.8909320638529379     
  0.41426624233094206     
   4.3818406096711220     
   2.8807600055577920     
  0.90377062994640101     
   4.2355662382395067     
   3.8136804448365909     
   3.9111410452090301     
   2.5346716655729780     
  0.65638937901818717     
   4.6339137379259911     
  0.66852084032690939     
   1.7265950967152779     
   5.7112467988044200     
   4.3866411794932665     
   5.2994373854848904     
  0.93490225922740500     
   3.6276600816144282     
   3.3391330984471552     
   4.4457046510145304     
  0.68637679585285449     
   5.6464520768840458     
   2.0128520507233931     
   5.2892348494756751     
   2.0472214261213866     
  0.72630471578119316     
   1.3960099298079018     
   4.5245082945946837     
   2.6733499320196130     
   1.3159546095616732     
   1.5383227412447233     
   5.0984114162969716     
   1.1955996060306524     
  0.50210860543719527     
   4.9438739200884667     
   2.7513340302840947     
   3.0140486150831793     
   1.7624793243822576     
  0.42107625809658877     
  0.55123925386688910     
   1.4491429812201038     
   2.4880674656150510     
   4.6665652535104725     
   4.7176709408950037     
  0.36167060098589315     
   1.4932035974285611     
   5.1229835320422188     
  0.18118202571769057     
   4.5717374974151381     
   5.7100778726208598E-002
  0.92893232271904158     
  0.46217175349047235     
   1.7226355812915450     
   1.3121884011066778     
   4.7892915033785712     
   4.8920917026290294     
   1.0174585246169234     
   4.6832369156432403     
   3.9614648947204554     
  0.70939650066667348     
   5.4140478064594681     
  0.24831316062585604     
   5.7592000558500711     
   1.1644367569301415     
   4.5527214490488284     
   4.9817505917352829     
  0.87762350118329557     
   2.2437244016366416     
   2.9087565887529321     
   2.9656215759772344     
   3.9555908666153790     
  0.38563264241980211     
   1.4135605750035862     
   3.0905825496818267     
   2.1574236733696623     
   4.1657781903367770     
   1.1377842426904188     
   1.7479837370206044     
   2.2194382493092752     
  0.64353639472083313     
   2.5253624062768862     
   5.3952051075154603     
   4.1518656005924104     
  0.35693121727378113     
   2.2933768804441366     
   2.0972184793371191     
   5.3194854919612728     
   2.0066166175514408     
   2.8931200994735047     
  0.39630872697899094     
   1.7500377833854106     
   5.7098575048756664E-002
   2.2432836774476441     
   2.1056882214964090     
   1.3564404921881128     
   2.5876718997998838     
   2.4286713662078907     
  0.58698408816950987     
   5.2358324668165999     
   2.1260382882712219     
   1.0819599653385730     
   2.2201033296204522     
   3.9194542230291445     
   2.9090348798053918     
   4.4459912930628311     
   3.9073591527464222     
   4.4826314785578516     
   1.0744598666467040     
   1.8200225881555601     
   4.5433826213723307     
   3.6610450857838948     
  0.68326878505163147     
   1.1920048158934420     
  0.30026051797317571     
   4.8267039138265755     
   3.7358104931315737     
   5.6730796398379422     
   1.4619699503237720     
   3.4352008645597976     
   1.4781207365299447     
   5.4753858041622419     
  0.30384719489746487     
   1.6427537315198333     
   3.3255451543223939     
   5.1836001019952667     
   4.0423412258211107     
   3.1224129792070854     
  0.49263711572662949     
   2.1591941877678371     
   3.7405845274622385     
  0.94292411747993776     
   1.6302675128349611     
   4.7606516871021523     
   4.6162761660677498     
   3.3407953149189789     
   1.2255380635234556     
   5.4352594067396600     
   5.5780981034635282     
   4.6357441404725330     
  0.16179953235655298     
  0.64219174232148701     
   1.8026273045650523     
   1.9506230234044042     
   5.5326952366354174     
  0.87569971703005289     
   1.9449534294841813     
  0.82998077447661089     
  0.98217389106721142     
   3.4440483284032530     
   3.5336266255547208     
   4.3357460301895765     
   1.6459138371435202     
  0.54428050309375542     
   3.6042000985006517     
   2.3644732605500289     
   1.6627782080078615     
   2.6170108511003822     
   2.5460941833106556     
  0.45182393411330790     
   1.1654649640668104     
   3.2297472778422329     
   1.3599714737668038     
   5.1659399049422454     
   4.2530926475045829     
   4.5686556129206526     
   1.9653034419367894     
   1.7294902530648888     
   5.7454319118409058     
   3.3662915792084749     
   2.6599721259752624     
   1.4484944915029783     
   5.5341537918530479     
   5.1829438386425055     
  0.83223642153427635     
   5.1807066363118173     
   2.4272246721064885     
   2.0573912209063576     
   5.2054102928484065     
   1.1673184534594405     
   3.7334002631063252     
   1.2709302400663687     
  0.98787878395388018     
   3.7220180185942477     
   2.0542376961663367     
   2.7903311903203964     
   5.3558167154299436     
   2.9423676867619535     
   4.2453045743471769     
   4.3635353692563505     
   2.9163406477641343     
   3.2246931320148358     
   1.8917960493352712     
   1.3186284572128149     
  0.95351110608744938     
   1.2970622050625051     
   1.6679193758168194     
   2.1443254547193913     
   1.1684501462174508     
   3.8175406528956395     
   2.4892397941797793     
   4.8498437115393287     
  0.83681652512581561     
   1.9110327161637466     
   1.2393637984458123     
   5.3285615365431251     
   4.6993777403121593     
   1.1765974411919762     
  0.78899321447860327     
   1.8274099440372422     
   5.5730271268830016     
   1.1191719697269815     
   2.4239578923977958     
   1.9366044462440417     
   5.3695871995130044     
   2.1670439705856155     
   3.8125917044131703     
   2.4566845177573762     
   3.9255528357925504     
   5.7350138779620288     
   2.1386500184816417     
  0.27146872403288874     
   2.6004397285718897     
   1.3103779645827018     
   3.9920036609628018     
   3.2318598109831749     
   1.7633289055342416     
   2.6452064438711154     
  0.80812609875188557     
   4.9080755008647179     
   2.6081615257440030     
   3.8878731308730625     
   3.7930662491079730     
  0.85730977583078660     
   1.1876983028056209     
   3.3519443590424118     
   5.4076756669650239     
   2.6010294192520202     
   5.0499105015864281     
   4.4821219992987906     
   2.7426844348202617     
   3.9127876226687484     
   1.9496942091696476     
  0.65554364420723854     
   4.8503943498585027     
   1.5776139196540544     
   1.5963154237633859     
   5.2394125224846890     
   2.2476211841553817     
   3.9022872200318504     
