           1   6.2571677938079148E-002
           2  0.10442256198541036     
           3 -0.15752006374160790     
           4 -0.28428996393226197     
           5 -0.34054570085714109     
           6 -0.29579837532357584     
           7 -0.36877517847350172     
           8 -0.41603409017238485     
           9 -0.45980087801891911     
          10 -0.48567015110108874     
          11 -0.50510403196000642     
          12 -0.48993001949222142     
          13 -0.47198236431334550     
          14 -0.48720605017610480     
          15 -0.50150885203539652     
          16 -0.51362078898542507     
          17 -0.52875763575286827     
          18 -0.53780405360955208     
          19 -0.53996054685846051     
          20 -0.54586823586231092     
          21 -0.55095302707513982     
          22 -0.54516135151179890     
          23 -0.51058402797277913     
          24 -0.50000477919613528     
          25   1.8372110325238136     
          26   1.1157357934378118     
          27  0.73169511247055952     
          28  0.46652077735178504     
          29  0.27985794799340102     
          30  0.14401894642020480     
          31   3.7582914601239401E-002
          32  -4.8764036744028780E-002
          33 -0.11924947233619182     
          34 -0.16183229804465896     
          35 -0.20891270702922904     
          36 -0.24090475548687065     
          37 -0.25238710370430784     
          38 -0.27217914380628189     
          39 -0.28119892819546904     
          40 -0.29103670565230627     
          41 -0.30136629327886494     
          42 -0.31699356912693061     
          43 -0.33011480433004475     
          44 -0.33774182235075861     
          45 -0.34674861639737947     
          46 -0.35642855066977580     
          47 -0.36092580489762427     
          48 -0.36173234144808286     
          49   1.7888418375246278     
          50   1.2376795025824376     
          51  0.88416002906401203     
          52  0.63877429815938958     
          53  0.46417194506682607     
          54  0.33121135753166797     
          55  0.22092090540695733     
          56  0.14572694555844534     
          57   8.8824072137306725E-002
          58   3.3487578662307296E-002
          59  -1.4993929884529288E-002
          60  -6.0317240878517676E-002
          61  -9.5295272465997269E-002
          62 -0.12500794817317390     
          63 -0.14307566838490329     
          64 -0.16227012172605584     
          65 -0.18518800337992308     
          66 -0.20402943500308915     
          67 -0.21307532821733147     
          68 -0.22683296800172104     
          69 -0.23657332215862575     
          70 -0.24618002751467971     
          71 -0.24576481835237102     
          72 -0.25016331718454282     
          73   1.7544626273426143     
          74   1.3029917381276250     
          75  0.98829280365264638     
          76  0.75788468343042559     
          77  0.60507024282042865     
          78  0.46953602231932884     
          79  0.36445397655115508     
          80  0.27180656215763771     
          81  0.20370135388750568     
          82  0.13620743567077201     
          83   9.6137443661052494E-002
          84   5.2883610530903978E-002
          85   1.3180731525500347E-002
          86  -1.4099028309855263E-002
          87  -3.7710221669112282E-002
          88  -6.3078281378186010E-002
          89  -8.8462262251197715E-002
          90 -0.10837472875477763     
          91 -0.12629304810155489     
          92 -0.13900867309840895     
          93 -0.14827828555585476     
          94 -0.15922035284574640     
          95 -0.16416110129360711     
          96 -0.17078157447364728     
          97   1.7057328452206333     
          98   1.3208125723634343     
          99   1.0505963272668859     
         100  0.84246041021474671     
         101  0.68862054170103260     
         102  0.56694227058838409     
         103  0.45652547271644228     
         104  0.37398045298700516     
         105  0.30067736653731131     
         106  0.23636949965482501     
         107  0.18702865538199326     
         108  0.13902856797258920     
         109   9.5746060133772667E-002
         110   7.1802741846239193E-002
         111   3.9390960304918156E-002
         112   1.4988838039314381E-002
         113  -1.0225404790341425E-002
         114  -3.2276154317783287E-002
         115  -4.5067753021922653E-002
         116  -6.0806145237895542E-002
         117  -7.0002316725268174E-002
         118  -8.1102868106784048E-002
         119  -8.5982632871382775E-002
         120  -8.7375022534198724E-002
         121   1.6892259766728066     
         122   1.3613592670392058     
         123   1.1143409895029406     
         124  0.91654784278330659     
         125  0.76419782989585650     
         126  0.64364031533088206     
         127  0.54248638661022752     
         128  0.45488364098100637     
         129  0.37964138450052709     
         130  0.32495831747901899     
         131  0.26950830967549066     
         132  0.21840458308660343     
         133  0.18266028183958735     
         134  0.15219007420295760     
         135  0.12071020235422088     
         136   9.6251991524678435E-002
         137   7.8877241982660481E-002
         138   5.8204201286849749E-002
         139   4.2537667870338296E-002
         140   2.6555254114930097E-002
         141   1.1303542536884559E-002
         142   4.2724059369853868E-003
         143  -8.2188036839932442E-003
         144  -1.4478775526767644E-002
         145   1.6961398760560049     
         146   1.3920112565868501     
         147   1.1687364260253692     
         148  0.98985677708413722     
         149  0.84946966581534744     
         150  0.72786823750972551     
         151  0.63294355122107471     
         152  0.55211108844473167     
         153  0.47729101913248795     
         154  0.41851994157461703     
         155  0.36666544220734731     
         156  0.31982913517888328     
         157  0.28485800715325488     
         158  0.24506684902909065     
         159  0.21787340863202392     
         160  0.18572462763809169     
         161  0.16649650370240260     
         162  0.14812666799479907     
         163  0.13251352147206838     
         164  0.11649248681763162     
         165  0.11291933040480853     
         166   9.8195830005211107E-002
         167   8.5708678505573607E-002
         168   7.6741196923847496E-002
         169   1.7637276658150238     
         170   1.4999785922476081     
         171   1.2858191870826015     
         172   1.1036574156836598     
         173  0.95635907296117573     
         174  0.84905397949692374     
         175  0.75560936563983983     
         176  0.66557640821352049     
         177  0.59219648149673376     
         178  0.52647455970172907     
         179  0.47652062765899456     
         180  0.43662243230956893     
         181  0.39378294643905409     
         182  0.35400157255219727     
         183  0.31974324839323204     
         184  0.29302302581929379     
         185  0.27536121725174056     
         186  0.25871621385170684     
         187  0.24513479308076555     
         188  0.23435097368611887     
         189  0.22161756829758483     
         190  0.21183226112076245     
         191  0.20445785761527174     
         192  0.19394404637116680     
         193   1.9078616358289795     
         194   1.6527247703143284     
         195   1.4361635719892842     
         196   1.2613363280214556     
         197   1.1266280226902787     
         198   1.0129044243526479     
         199  0.91603995784504999     
         200  0.82576603633446022     
         201  0.75773835489346486     
         202  0.69529289932375860     
         203  0.63979286668351398     
         204  0.58918750774514950     
         205  0.55202389155037312     
         206  0.52163834841373202     
         207  0.48464045422526569     
         208  0.45128542237315489     
         209  0.43513283201609004     
         210  0.42171514183862019     
         211  0.39889560631357757     
         212  0.37888405174918327     
         213  0.36280697390418676     
         214  0.35706087251146768     
         215  0.34354940150774588     
         216  0.34126828588911690     
         217   2.1361440839951427     
         218   1.8717628226977556     
         219   1.6684299017858195     
         220   1.5081550324281658     
         221   1.3740342899921574     
         222   1.2473377951675551     
         223   1.1441136991391760     
         224   1.0482839596032727     
         225  0.98736631924201590     
         226  0.91654670944459604     
         227  0.86418588898701187     
         228  0.80671856487754967     
         229  0.77755911604782402     
         230  0.73201999417977082     
         231  0.71105268540664079     
         232  0.68267230948249202     
         233  0.66298605597212534     
         234  0.64110351803484955     
         235  0.62175513041335195     
         236  0.60576392581081040     
         237  0.59357752951436593     
         238  0.59255854038738820     
         239  0.58131127199900579     
         240  0.57831361035320095     
         241   2.5697612878875851     
         242   2.2946474686083134     
         243   2.0637235479202922     
         244   1.8839328940114117     
         245   1.7497051422739154     
         246   1.6143086348282147     
         247   1.5158515697130335     
         248   1.4052439104930590     
         249   1.3263446263527903     
         250   1.2786284373940915     
         251   1.2054727461952117     
         252   1.1627702391578449     
         253   1.1024201715747826     
         254   1.0739630985798163     
         255   1.0506509400673316     
         256   1.0136982190197701     
         257  0.98251988256629086     
         258  0.95564195903155280     
         259  0.96333949934289642     
         260  0.95643082715589800     
         261  0.94185425982898419     
         262  0.92711809547840118     
         263  0.92893137481371757     
         264  0.92406463870363764     
         265   3.2006665047579479     
         266   2.9034894274599372     
         267   2.6743057475345835     
         268   2.4614284798467243     
         269   2.2776035511264183     
         270   2.1188562069120374     
         271   2.0143107873692481     
         272   1.8977669086583913     
         273   1.8076730315335274     
         274   1.7724883718471256     
         275   1.7069044294409763     
         276   1.6328994130304151     
         277   1.5665873169366353     
         278   1.5401393180740892     
         279   1.5090090179865390     
         280   1.4540111557082074     
         281   1.4673964733178559     
         282   1.4417569364820271     
         283   1.4241210276834679     
         284   1.4151955914520804     
         285   1.4023610963059177     
         286   1.3990483952356241     
         287   1.3839068797607996     
         288   1.3919847564193553     
         289   4.0484236405432572     
         290   3.7034426867745363     
         291   3.4173492120290647     
         292   3.1651764270909752     
         293   3.0059023507344618     
         294   2.8262704016671014     
         295   2.7556097182919741     
         296   2.6404671185942745     
         297   2.5158944354732760     
         298   2.4210438805080075     
         299   2.3494811226435215     
         300   2.3229193343500647     
         301   2.2546289293415520     
         302   2.2031480083874890     
         303   2.1806449361510740     
         304   2.1316576095231983     
         305   2.0810540457848639     
         306   2.0494909114288951     
         307   2.0253172108715822     
         308   2.0127865900410904     
         309   2.0414614016215147     
         310   2.0405785501997866     
         311   2.0219981892020331     
         312   2.0345241878196649     
         313   5.3096649530986806     
         314   4.9294018382948170     
         315   4.5833068573931541     
         316   4.2945591405883521     
         317   4.2021796154031437     
         318   3.9498109400587036     
         319   3.8062874589813207     
         320   3.6244728011307212     
         321   3.4917251145877528     
         322   3.4112492818061151     
         323   3.2747094047916283     
         324   3.2216068654547763     
         325   3.1258985647899231     
         326   3.0403717710602773     
         327   3.0047809018851148     
         328   2.9802024278520034     
         329   2.9623672226816815     
         330   2.9266289755786730     
         331   2.9181050001331426     
         332   2.9986535226069231     
         333   3.0088599884242435     
         334   2.9704650809127555     
         335   2.9845437007736395     
         336   2.9824289367887253     
         337   7.1107258197020631     
         338   6.6329140027367313     
         339   6.3258690158256972     
         340   5.9985603044687990     
         341   5.7584538288899676     
         342   5.4876385633131584     
         343   5.3010820055844201     
         344   5.1197604695768506     
         345   4.9143285337608384     
         346   4.7650351521222190     
         347   4.6748923527791035     
         348   4.6161598709877314     
         349   4.4924169333487418     
         350   4.4633847678393872     
         351   4.3535375704161297     
         352   4.2784764980623367     
         353   4.3204287292685510     
         354   4.2375728886400053     
         355   4.2511393533779973     
         356   4.2497293889475820     
         357   4.2197966137872420     
         358   4.2742198048878182     
         359   4.2281838218758265     
         360   4.3141692022964477     
         361   9.6992077976429218     
         362   9.0902378064171305     
         363   8.6097228044007110     
         364   8.1246858893840468     
         365   7.7986015844970007     
         366   7.4617694859797732     
         367   7.1626669002228684     
         368   6.9619172693439495     
         369   6.9049548425814660     
         370   6.8090638046475220     
         371   6.7086002624805827     
         372   6.5497482955400752     
         373   6.4779357475436568     
         374   6.3439829169345874     
         375   6.3731121133642672     
         376   6.2823518891686545     
         377   6.2570259160716262     
         378   6.1425003232175168     
         379   6.1808397785524098     
         380   6.2059511477918772     
         381   6.1986380361185214     
         382   6.1266367323082171     
         383   6.1684301434598554     
         384   6.1598525549887055     
         385   13.273361654180794     
         386   12.672955783362553     
         387   12.078552286991950     
         388   11.535299533542675     
         389   11.068806173069278     
         390   10.577975567651844     
         391   10.210267949012598     
         392   10.089581742212088     
         393   9.9964699763670435     
         394   9.7387151837393890     
         395   9.4983422722564814     
         396   9.3553332367127346     
         397   9.4477641161002683     
         398   9.5359641335001992     
         399   9.3334339859404896     
         400   9.4589741688395090     
         401   9.3264679516616606     
         402   9.2380651905596185     
         403   9.2830466225516926     
         404   9.4644781184029245     
         405   9.4033409368992711     
         406   9.5989767907445938     
         407   9.7114819143868676     
         408   9.8417706253294153     
         409   20.328990567500387     
         410   19.343162608926175     
         411   18.498881822982856     
         412   17.733871758247545     
         413   17.161355930544808     
         414   16.674807377616748     
         415   16.187138578309124     
         416   15.586328540868891     
         417   15.337513107255988     
         418   15.078337230866010     
         419   15.023152920077115     
         420   14.938471157030202     
         421   14.598157878248905     
         422   14.549876334759885     
         423   14.581547358218147     
         424   14.718898907530535     
         425   14.871938911310620     
         426   15.045590911808695     
         427   14.918500205911979     
         428   14.991137503548646     
         429   14.943318739967150     
         430   15.038681749862187     
         431   15.201670976369419     
         432   15.228366131344764     
         433   31.409000080974415     
         434   30.193221381010737     
         435   29.783277774022281     
         436   28.691553804114431     
         437   27.584903230108146     
         438   28.004751644524305     
         439   27.138705377321621     
         440   26.429976088102698     
         441   26.440643324731511     
         442   25.854129711568902     
         443   25.865328743168281     
         444   25.699413790698749     
         445   25.627799628329644     
         446   25.946953968968909     
         447   25.563762243682913     
         448   26.405665265968757     
         449   26.961103158842299     
         450   26.809004613515562     
         451   26.949821983916831     
         452   27.415267521167092     
         453   27.192088524588819     
         454   28.563004152810297     
         455   29.117757428674395     
         456   29.607169957699952     
         457   58.928908200302544     
         458   57.644965705755219     
         459   56.085381159857569     
         460   53.624641634699543     
         461   53.335408782509383     
         462   52.178580332002731     
         463   51.128973198403010     
         464   52.255676458299625     
         465   50.766712014272592     
         466   51.600958934431873     
         467   53.347252900340557     
         468   52.584391403461069     
         469   53.343738773679412     
         470   53.290320880299490     
         471   56.168270751892159     
         472   56.254957204107228     
         473   59.165099760303477     
         474   58.362586710504729     
         475   60.809735151148985     
         476   60.190345014073529     
         477   66.721810730858309     
         478   69.316854563291457     
         479   70.843190669520808     
         480   74.143942297630545     
         481   146.47754367696982     
         482   149.71867191966760     
         483   143.08776045702686     
         484   146.47521186434940     
         485   156.27028426856742     
         486   160.45645276648597     
         487   160.51017308110502     
         488   160.15518365689402     
         489   160.98115548114220     
         490   176.31678177256174     
         491   186.43105884455346     
         492   206.53064430029278     
         493   211.53296564384888     
         494   267.58034409710342     
         495   307.09806968033502     
         496   372.61247906577677     
         497   412.23705447204117     
         498   457.28053014213185     
         499   974.71636703971205     
         500   1040.4171516694207     
