0.9405727001458432
1.806822527865648
1.898905799169856
2.639322369554115
2.76515562688966
2.815572252828047
3.438072225211245
3.597655468578128
3.681822080547851
3.6905720611204154
4.203072094837038
4.396405324235258
4.514321922236318
4.523905224046961
4.5568218888402185
4.934321978431496
5.161405193861051
5.313071777893448
5.315571741607684
5.389321730528686
5.390155051766765
5.631821875994612
5.892655077455507
6.065571613802585
6.0780716475192405
6.181821569327488
6.188071586185816
6.222654893455232
6.295571787526396
6.590154975018626
6.773904840631664
6.809321531113698
6.925571713026841
6.9318214415223895
6.9530714558116085
7.014321411015955
7.021404749112362
7.253904886550408
7.44057142209492
7.506821428676816
7.521821652495951
7.640154668351467
7.684321339406066
7.764321283210856
7.786404618738155
7.813071266673084
7.883904812050853
8.065571358192354
8.084321605933718
8.170571340208598
8.306821249814723
8.381821236969184
8.472654510039934
8.480154751519962
8.517654502332611
8.563071138867986
8.578071136298878
8.613071573340154
8.648904648923965
8.800571265709044
8.931821185912158
9.042654704957732
9.045571148500969
9.10807155471525
9.139321091503191
9.190571294289757
9.21515439989573
9.271404365697066
9.309321019893336
9.32807100849378
9.396821205178153
9.515154476643769
9.56932155005901
9.571404672364164
9.675571074001411
9.690571294289725
9.764321027600626
9.878904311427512
9.93807094716032
9.95932115861592
9.996821559371432
10.006820917456453
10.036404235322859
10.056821122009561
10.059320892088238
10.066404653739262
10.148904648923867
10.27182101347052
10.347654318332236
10.39057158265252
10.488071126022355
10.508904236927957
10.527654649083024
10.556821122009527
10.563070883257756
10.565571358192194
10.670570828988236
10.703070816786118
10.750571619902267
10.756820789651352
10.767654118917315
10.834320966908288
10.889320963698028
10.940571422094694
10.955154658395443
10.983071107397453
11.015154476643673
11.07682167112068
11.105154176397063
11.146404173989367
11.273904840631372
11.300570754488684
11.328070752883551
11.348904681676533
11.363070934314726
11.369321736307757
11.389320963697994
11.420570701183138
11.431821185911994
11.434320700380573
11.444321102741213
11.465154016480431
11.565571613802225
11.628071815463487
11.667654129834835
11.68807081935516
11.708904718926279
11.806821249814494
11.815571741607258
11.84765431833214
11.853071908587893
11.85807091568982
11.871821112053635
11.896820693957787
11.91140404361516
12.023905224046466
12.035154770144693
12.044322015680955
12.05057062668358
12.059320636478008
12.128903928012214
12.13182059794369
12.140154668351176
12.188070819355126
12.190572061119859
12.19640409724127
12.20182213674268
12.264321027600465
12.265571135334726
12.315572252827424
12.319320911033582
12.32557227177307
12.327654835331767
12.39890579916917
12.431821441522033
12.440572700145092
12.453070688980954
12.459320647395561
12.5864049144875
12.625571172584472
12.639321091502964
12.642653927209615
12.64640417398927
12.646820566152694
12.681821569327063
12.691404078616367
12.746820920346005
12.756820534041125
12.75890385351266
12.795570509475471
12.811405007611905
12.890155051766277
12.951821223802884
12.95307068898092
12.972654510039645
12.988070614801993
13.002655114704964
13.056821888839664
13.063070883257591
13.14057094362709
13.152654073960127
13.160155235766695
13.18182208054723
13.184320572575407
13.209320519590461
13.244321288989955
13.2643212832105
13.265155626888975
13.283905370797081
13.306822527864895
13.340153824772734
13.355153792981767
13.411404043615065
13.420570445572903
13.425570434975915
13.438070947160096
13.48307059617709
13.500570980876837
13.503071368145692
13.51432141101553
13.58015408327255
13.684320572575375
13.722654893454742
13.728071461270096
13.738070486996893
13.771404365696773
13.826821032095252
13.828070752883384
13.881820470138527
13.889321730528133
13.91765374641954
13.919321568363154
13.944320591520848
13.973904106553636
14.003903736304519
14.014321922235697
14.021820374445026
14.05057037107335
14.063071138867626
14.076821689424882
14.09765546857744
14.119321097282324
14.139322369553366
14.14265392720952
14.200571824455274
14.203070816785885
14.233070468371992
14.313071266672662
14.333904143803384
14.371820600833276
14.378071176438059
14.381820470138493
14.446403713825973
14.521404749111873
14.536404235322564
14.545570381670306
14.559320636477842
14.584320327882795
14.603071269562463
14.633903661804965
14.646820310542461
14.660154195021795
14.68807158618526
14.694320463715751
14.765570624114359
14.794321376655526
14.813071777892823
14.82807100849342
14.840153824772642
14.896405324234571
14.934320700380347
14.938072225210496
14.941403695201073
14.951821497717251
14.952654260208869
15.045570381670275
15.075571632747641
15.078071136298453
15.11307029528923
15.121820473028176
15.125570661364106
15.175570307170752
15.209320263980231
15.211404339364606
15.230153601274074
15.256820534040964
15.267654118917024
15.286404618737665
15.402653690544831
15.43640443248901
15.451820712582519
15.453071455811054
15.50390373630442
15.515570496309259
15.559320892087882
15.578071647518618
15.608070276664328
15.627654539582071
15.631820597943467
15.661405193860366
15.67557030717072
15.703072094836287
15.738070231386663
15.744320777769596
15.771820246639864
15.785154660643794
15.79265355471184
15.809321019892908
15.830153699857252
15.875570533559008
15.908904795674186
15.920570445572743
15.965154016480144
16.00307085692533
16.01765450233212
16.069320272008085
16.133903661804865
16.184321339405514
16.201820584777426
16.22390372313834
16.228070950049734
16.23307021276176
16.256820789650998
16.27182024663983
16.295570509475244
16.309321531113078
16.321403522118274
16.334320200077634
16.39265507745482
16.419321057142795
16.43432197843074
16.494320649964493
16.49682028132051
16.50682091745603
16.550570371073185
16.57682117820452
16.583903760388086
16.628903928011926
16.694320208105527
16.70057131323491
16.71515439989524
16.730153601273972
16.753070729120232
16.816403503493373
16.8343202000776
16.863070167484068
16.88182123696863
16.890570304601596
16.9101538116065
16.92057070118278
16.92557043497569
16.978070822244632
17.006821428676194
17.09015497501794
17.121820217417945
17.13182187599386
17.146820310542296
17.169320929337694
17.17057082898781
17.202653876793573
17.250570341851347
17.25890385351237
17.277653498837132
17.292653554711745
17.32682105039942
17.358070148859166
17.363070167484032
17.378904311427018
17.45057118542981
17.461403955949308
17.515570240699034
17.521820374444793
17.54557114850041
17.550570626683225
17.576820393069756
17.670571340207978
17.68640404907371
17.705153508149554
17.709320263980068
17.753904886549726
17.795571787525645
17.800570754488252
17.819320144202926
17.821403522118175
17.855153792981476
17.858070148859134
17.86932045825683
17.87557027794878
17.877654156166773
18.008904236927467
18.0351542772285
18.084320327882565
18.098903531430643
18.12807053741257
18.14682056615233
18.158904412258888
18.175571074000853
18.20182032916719
18.238070231386505
18.246820153515344
18.300571265708424
18.31640350349328
18.319320144202887
18.35307063053697
18.38390481205017
18.396820693957363
18.417653746419248
18.425571713026084
18.45890356868039
18.494320394354265
18.54432073763003
18.605154176396574
18.613070295289003
18.640570176796434
18.701820858691754
18.709320519590108
18.733070212761604
18.74682015351532
18.75307047351
18.771821013469964
18.777653498837033
18.7851536198988
18.825570993722145
18.896821205177528
18.946403713825678
18.959320647395135
18.978070566634408
18.980154751519283
19.000570214046174
19.0218216524952
19.077653685085878
19.1080702766641
19.1405701767964
19.167654129834347
19.169320673727466
19.19432020810536
19.20515350814945
19.238070486996538
19.326820265264594
19.32682079478919
19.334320966907736
19.33640376424161
19.441403695200773
19.45057092981958
19.4593211586153
19.48807061480157
19.50057021404615
19.542654704957048
19.561403857366017
19.569320272007857
19.584321605932967
19.598903531430548
19.619320330451664
19.62182021741778
19.69640409724078
19.733070468371643
19.75265396445908
19.82682026526456
19.863070934314166
19.878070409607407
19.90265369054454
19.9101540855208
19.958903568680288
19.983070596176667
19.988071126021733
19.996820281320282
20.015570240698867
20.033904220551197
20.07140467236348
20.103070502731804
20.113071573339404
20.11932033045164
20.191404078615875
20.194320463715393
20.285153619898704
20.29432060982486
20.33015369985696
20.358070915689265
20.37557027794861
20.378070409607368
20.390570304601365
20.444320591520427
20.451820730886592
20.48307110739683
20.566404653738577
20.57557086591698
20.577653685085775
20.603070502731775
20.608071554714495
20.621820473027817
20.652654073959642
20.701820329167028
20.723903723138047
20.75057034185112
20.79432060982484
20.81932091103302
20.836403764241517
20.871820600832848
20.94432110274059
20.95182073088656
20.9943203943541
21.015570496308907
21.027654649082336
21.061403857365924
21.069321550058252
21.07557086591695
21.07682039306953
21.08015408327206
21.0839037603878
21.24682092034545
21.252653964458975
21.25307047350984
21.265570624113934
21.369320458256606
21.371821112053013
21.375570533558648
21.410153811606207
21.410154085520706
21.45515465839476
21.473904106553146
21.47807056663424
21.49682155937068
21.533904220551094
21.62557066136368
21.628070537412338
21.640570943626532
21.669320673727302
21.701820584777064
21.70265387679328
21.765571135334095
21.82682079478903
21.83390414380289
21.848904681675847
21.853070630536745
21.890571582651766
21.950570929819413
21.95182071258209
21.961403955949017
21.994320649964138
22.000570980876283
22.044320737629803
22.125571172583847
22.160154195021306
22.18640404907342
22.201820858691526
22.208904718925595
22.24432077776917
22.250571619901514
22.253070729119873
22.325570993721925
22.326821032094692
22.377654156166482
22.451821223802266
22.452654260208377
22.47807082224428
22.503070856924907
22.535154277228212
22.535154770144004
22.57682167111993
22.61932109728177
22.6589044122586
22.669320929337335
22.711404339364115
22.72807095004931
22.74432128898933
22.826821050399065
22.827654835331078
22.869321736307
22.8780711764375
22.919321057142373
22.93640443248852
22.95057118542945
23.00307136814507
23.07682117820409
23.08640491448681
23.103071269561912
23.12765453958158
23.128071815462732
23.200571313234487
23.22807146126947
23.28515466064331
23.294321376654967
23.311405007611217
23.35307190858714
23.408904795673696
23.41932156836253
23.45182149771669
23.50265511470428
23.544322015680198
23.57557163274709
23.57682168942426
23.660155235766005
23.700571824454645
23.701822136741928
23.7839053707964
23.825572271772323
