  0.62288415600181479     
  0.90550252627644978     
  0.29505893112064729     
   1.0328589612548911     
  0.67124608413712594     
  0.76996313819542261     
  0.36438125034653790     
  0.51279302924052284     
  0.32295185641171054     
  0.38276344848817861     
  0.70763273813464922     
   1.0115100759274755     
   1.0185506023335100     
  0.82940273706673506     
   1.1253470935347234     
  0.83736960600738020     
   1.3066174183255321     
   1.6815223005011076E-002
  0.44510516651932408     
   1.3918978083785336     
  0.39655397018278571     
   1.2647703176185525     
  0.31076263803286230     
  0.84909935948349025     
   7.9468285902700095E-002
  0.17930638252292871     
   1.3651285371995823     
   1.3138470603465011     
  0.47649593784938066     
  0.65976076972706321     
  0.53690875613120337     
  0.17980848896431015     
   1.2901757621808081     
  0.73712382427172496     
  0.12406017651885905     
   1.0474873914771929     
  0.83403737801495059     
  0.98821046993601080     
  0.17676433079241091     
  0.66782130243030657     
  0.30567785054416069     
  0.16363466976464630     
  0.30850200112887971     
   1.3442852157706995     
  0.54447942074126854     
   1.3804061723793011     
   1.0792178174428584     
   1.3227229581889810     
  0.37742681683398682     
  0.20298171827067379     
  0.62652858202733930     
   1.4013485571397002     
  0.95305272854313694     
  0.91505938750043592     
  0.49084121848411322     
  0.44826842447766102     
  0.62321387318857180     
  0.36895672885812664     
  0.37403626785829819     
   1.1628090905319837     
   1.1369002298797131     
   1.2368470942613821     
  0.40201551491275583     
  0.99267309783873137     
  0.92072875840315616     
   1.1068950999488683     
  0.31364920542232866     
  0.53196211290519035     
  0.99519418839806839     
   1.3153074822711803     
  0.30865091164129532     
  0.91825327671200963     
  0.84974423307793123     
  0.71502460480827634     
   1.3001245050144339     
  0.81907440562918366     
  0.86670625737747220     
   1.2270876859771798     
  0.15234591234000347     
  0.60533290281631569     
  0.58485858870390184     
  0.94405553044964785     
  0.51436688341357073     
  0.32593529387909115     
  0.73743512610357087     
  0.20838848908829422     
  0.18988591912956482     
  0.52075465257255826     
   1.1897097139267387     
   1.0840054377994848     
   1.0602264694691201     
  0.12653613238032055     
   1.3630303689973013     
  0.37330917668351121     
   1.1474551534377706     
   1.2457127589524248     
  0.45797926377980241     
  0.98061445312894857     
  0.46238817658659159     
  0.56120719161071908     
   1.1564297831943771     
  0.18015465463489727     
   1.3105127966309102     
  0.60145367492811408     
  0.22014404677734270     
   5.6786533703492362E-002
  0.54275736578510836     
  0.47054704995978808     
  0.84485684830935059     
  0.83232561608328193     
   1.3903344348757884     
   1.0270008410020774     
   1.1826104727015181     
  0.58953269468064673     
  0.57371171011989575     
  0.25999707668501948     
  0.83430554046141137     
  0.78160127835591120     
   1.1921246048518623     
  0.26717514221630856     
  0.89157172732273626     
  0.35482144664551968     
  0.48312117765282742     
  0.12684520304824015     
  0.41880743114685681     
  0.88643193193948755     
  0.92702054883236229     
  0.44658177360886753     
   1.2584596030143023     
   1.0372727575654022     
   1.2427271075804318     
  0.78913036807388348     
   1.1757271535256861     
   1.2010126090763815     
   1.2565549539139518     
  0.39310782697734176     
  0.70548673256478955     
   1.2877265902647885     
  0.11556951790311490     
   1.3778254752953181     
  0.18774803832164338     
  0.52266088787504705     
  0.86299195073795898     
  0.14210321437006884     
  0.73071705958338173     
  0.95441643551103994     
  0.46282276636872272     
   1.0727052551968748     
   1.3883205821283076     
  0.58052731669887880     
  0.51616525016305348     
  0.17933649171214899     
   5.6919672721239510E-002
  0.81109675306901396     
  0.57025092770202268     
  0.69180989534640114     
   1.1104609720687932     
  0.39306662218815153     
  0.95877819651555940     
  0.74110709027376875     
  0.34121047002422483     
   1.3220569130913398     
  0.43299367999344557     
  0.16294066603689811     
  0.66550424705860511     
  0.80782193289014359     
  0.63888323632826582     
  0.73148358720472628     
   1.5354285946422016E-002
  0.98759758359621763     
   1.2872229129460042     
   5.9693010725414386E-002
   1.2390511941752826     
  0.11133522681776782     
  0.95772391351166852     
  0.78770383688798484     
  0.99792970830610828     
  0.77708596144562114     
   1.3558993547023888     
   1.2346529659363925     
  0.94394303703716753     
   1.0976841988510233     
  0.69350899186920167     
   8.3512014539603968E-002
  0.97867340221634014     
   1.2168484441787328     
   1.2033136092054924     
   1.0164926571229904     
   1.0106632165081393     
  0.10689289521124221     
  0.15346717383668246     
  0.22541586777434064     
  0.92457218489944482     
  0.25649956586652140     
  0.73881548476000136     
  0.53545952140512409     
  0.25300975302597828     
   1.2052484295137273     
  0.89522282403225673     
  0.29249917623184690     
   1.0989633871867071     
  0.78063417829706172     
  0.72564664808000967     
  0.23400498333469924     
  0.17167261814188817     
  0.17476774936151668     
  0.18780398672965476     
  0.39731717582048226     
   1.0471595634648738     
   1.1442732442604768     
   1.1815148933347825     
  0.11977899719248626     
   1.1090566267093620     
  0.85695270636278287     
   5.4729888495216823E-002
   1.2890752428309094     
  0.48791964540121269     
  0.41784024991284491     
  0.38059769770897145     
  0.49203475353175052     
  0.72064459883933252     
  0.38370701202655844     
   1.2487102216282282     
   8.9443470783035398E-002
  0.51644603746366635     
   1.1603381518027300     
   1.3582259943194572     
  0.68212816506045570     
  0.87030315192546803     
   1.3224513201332389     
  0.93257791209925911     
   1.2676312268864660     
  0.96712362037133459     
   5.4870691634370916E-002
  0.54465803355930220     
  0.23934239911867097     
  0.51541617329262646     
  0.17360317578646808     
  0.36838954544831876     
   1.0948804014462752     
  0.84509085173210319     
  0.14837982292877125     
   1.3168113885860404     
   1.3442799699727772     
   1.1116737169986477     
   1.1730849490284176     
  0.45742963295748612     
  0.55119083463885454     
  0.14506803774788127     
  0.28496413461521031     
  0.44274790876888015     
  0.30028702712805538     
   1.1336141234560329     
  0.58380356952079993     
  0.37730845329354601     
  0.44778038789458763     
  0.34638029479269700     
  0.27279933050213967     
  0.61265223913480371     
  0.67603438509373304     
  0.33877793669732414     
  0.74578753826000066     
   1.0951840009191578     
  0.59925537103471482     
  0.93914241888722039     
  0.49728758544675100     
   1.1856105401992627     
   1.0542897020928974     
  0.60802316575416404     
  0.54337112828511824     
  0.11569567426153479     
  0.64554076758141821     
   7.4556789669685652E-002
   1.0088426355753011     
   1.0045859883434218     
  0.69437217602139101     
  0.95109640214759694     
  0.46752681676600821     
   1.0918013883305842     
   1.1595773855541402     
   1.3699532940648715     
  0.61916724996950878     
  0.26344320964499740     
  0.30414890211885393     
   1.3547493183479993     
  0.45235254172397288     
  0.26715725099856730     
   1.2991603948096586     
  0.24814317290778443     
  0.96769571020849843     
  0.53391543884274406     
  0.43004982082707927     
   1.1832645744507806     
  0.23833675545205321     
  0.21601805842420316     
  0.93813292459325248     
   1.1882736397840206     
  0.87640586769687023     
  0.46484736812306399     
  0.95067045160950192     
