  0.94057270014584327     
   1.8068225278656476     
   2.6393223695541148     
   3.4380722252112448     
   4.2030720948370384     
   4.9343219784314947     
   5.6318218759946133     
   6.2955717875263959     
   6.9255717130268408     
   7.5218216524959489     
   8.0843216059337184     
   8.6130715733401537     
   9.1080715547152504     
   9.5693215500590103     
   9.9968215593714334     
   10.390571582652520     
   10.750571619902267     
   11.076821671120680     
   11.369321736307754     
   11.628071815463489     
   11.853071908587893     
   12.044322015680955     
   12.201822136742679     
   12.325572271773069     
   1.8989057991698561     
   2.7651556268896602     
   3.5976554685781279     
   4.3964053242352579     
   5.1614051938610510     
   5.8926550774555073     
   6.5901549750186259     
   7.2539048865504085     
   7.8839048120508535     
   8.4801547515199616     
   9.0426547049577319     
   9.5714046723641655     
   10.066404653739262     
   10.527654649083022     
   10.955154658395445     
   11.348904681676531     
   11.708904718926279     
   12.035154770144691     
   12.327654835331765     
   12.586404914487501     
   12.811405007611905     
   13.002655114704966     
   13.160155235766691     
   13.283905370797081     
   2.8155722528280469     
   3.6818220805478510     
   4.5143219222363182     
   5.3130717778934482     
   6.0780716475192413     
   6.8093215311136976     
   7.5068214286768162     
   8.1705713402085998     
   8.8005712657090438     
   9.3968212051781528     
   9.9593211586159214     
   10.488071126022357     
   10.983071107397453     
   11.444321102741213     
   11.871821112053636     
   12.265571135334723     
   12.625571172584470     
   12.951821223802883     
   13.244321288989957     
   13.503071368145692     
   13.728071461270096     
   13.919321568363157     
   14.076821689424882     
   14.200571824455272     
   3.6905720611204149     
   4.5568218888402185     
   5.3893217305286862     
   6.1880715861858162     
   6.9530714558116093     
   7.6843213394060657     
   8.3818212369691842     
   9.0455711485009669     
   9.6755710740014109     
   10.271821013470520     
   10.834320966908290     
   11.363070934314724     
   11.858070915689822     
   12.319320911033582     
   12.746820920346003     
   13.140570943627090     
   13.500570980876837     
   13.826821032095250     
   14.119321097282324     
   14.378071176438059     
   14.603071269562463     
   14.794321376655525     
   14.951821497717251     
   15.075571632747639     
   4.5239052240469606     
   5.3901550517667651     
   6.2226548934552319     
   7.0214047491123619     
   7.7864046187381550     
   8.5176545023326113     
   9.2151543998957308     
   9.8789043114275117     
   10.508904236927957     
   11.105154176397065     
   11.667654129834837     
   12.196404097241270     
   12.691404078616367     
   13.152654073960127     
   13.580154083272550     
   13.973904106553636     
   14.333904143803384     
   14.660154195021796     
   14.952654260208870     
   15.211404339364606     
   15.436404432489010     
   15.627654539582071     
   15.785154660643796     
   15.908904795674186     
   5.3155717416076840     
   6.1818215693274876     
   7.0143214110159553     
   7.8130712666730853     
   8.5780711362988775     
   9.3093210198933356     
   10.006820917456453     
   10.670570828988236     
   11.300570754488682     
   11.896820693957789     
   12.459320647395559     
   12.988070614801995     
   13.483070596177090     
   13.944320591520849     
   14.371820600833274     
   14.765570624114360     
   15.125570661364108     
   15.451820712582521     
   15.744320777769595     
   16.003070856925330     
   16.228070950049734     
   16.419321057142795     
   16.576821178204519     
   16.700571313234910     
   6.0655716138025850     
   6.9318214415223895     
   7.7643212832108564     
   8.5630711388679863     
   9.3280710084937795     
   10.059320892088236     
   10.756820789651353     
   11.420570701183138     
   12.050570626683582     
   12.646820566152691     
   13.209320519590459     
   13.738070486996895     
   14.233070468371992     
   14.694320463715751     
   15.121820473028174     
   15.515570496309261     
   15.875570533559008     
   16.201820584777423     
   16.494320649964493     
   16.753070729120232     
   16.978070822244632     
   17.169320929337694     
   17.326821050399420     
   17.450571185429808     
   6.7739048406316638     
   7.6401546683514674     
   8.4726545100399342     
   9.2714043656970659     
   10.036404235322859     
   10.767654118917314     
   11.465154016480433     
   12.128903928012216     
   12.758903853512660     
   13.355153792981769     
   13.917653746419539     
   14.446403713825973     
   14.941403695201071     
   15.402653690544831     
   15.830153699857252     
   16.223903723138339     
   16.583903760388086     
   16.910153811606499     
   17.202653876793573     
   17.461403955949308     
   17.686404049073712     
   17.877654156166773     
   18.035154277228500     
   18.158904412258888     
   7.4405714220949202     
   8.3068212498147247     
   9.1393210915031915     
   9.9380709471603215     
   10.703070816786115     
   11.434320700380571     
   12.131820597943690     
   12.795570509475471     
   13.425570434975917     
   14.021820374445024     
   14.584320327882796     
   15.113070295289230     
   15.608070276664327     
   16.069320272008085     
   16.496820281320510     
   16.890570304601596     
   17.250570341851343     
   17.576820393069756     
   17.869320458256830     
   18.128070537412565     
   18.353070630536969     
   18.544320737630031     
   18.701820858691754     
   18.825570993722145     
   8.0655713581923543     
   8.9318211859121597     
   9.7643210276006265     
   10.563070883257756     
   11.328070752883550     
   12.059320636478006     
   12.756820534041125     
   13.420570445572906     
   14.050570371073352     
   14.646820310542459     
   15.209320263980231     
   15.738070231386665     
   16.233070212761760     
   16.694320208105523     
   17.121820217417945     
   17.515570240699031     
   17.875570277948778     
   18.201820329167191     
   18.494320394354265     
   18.753070473510000     
   18.978070566634404     
   19.169320673727466     
   19.326820794789192     
   19.450570929819580     
   8.6489046489239652     
   9.5151544766437706     
   10.347654318332237     
   11.146404173989367     
   11.911404043615160     
   12.642653927209617     
   13.340153824772734     
   14.003903736304519     
   14.633903661804963     
   15.230153601274072     
   15.792653554711841     
   16.321403522118274     
   16.816403503493373     
   17.277653498837132     
   17.705153508149557     
   18.098903531430643     
   18.458903568680391     
   18.785153619898800     
   19.077653685085878     
   19.336403764241609     
   19.561403857366017     
   19.752653964459078     
   19.910154085520801     
   20.033904220551193     
   9.1905712942897555     
   10.056821122009561     
   10.889320963698028     
   11.688070819355158     
   12.453070688980951     
   13.184320572575407     
   13.881820470138525     
   14.545570381670309     
   15.175570307170753     
   15.771820246639862     
   16.334320200077631     
   16.863070167484068     
   17.358070148859163     
   17.819320144202923     
   18.246820153515344     
   18.640570176796430     
   19.000570214046178     
   19.326820265264594     
   19.619320330451664     
   19.878070409607403     
   20.103070502731804     
   20.294320609824865     
   20.451820730886592     
   20.575570865916980     
   9.6905712942897235     
   10.556821122009529     
   11.389320963697996     
   12.188070819355126     
   12.953070688980919     
   13.684320572575375     
   14.381820470138493     
   15.045570381670277     
   15.675570307170721     
   16.271820246639830     
   16.834320200077599     
   17.363070167484032     
   17.858070148859131     
   18.319320144202891     
   18.746820153515316     
   19.140570176796402     
   19.500570214046149     
   19.826820265264558     
   20.119320330451636     
   20.378070409607368     
   20.603070502731775     
   20.794320609824837     
   20.951820730886560     
   21.075570865916951     
   10.148904648923867     
   11.015154476643673     
   11.847654318332140     
   12.646404173989270     
   13.411404043615063     
   14.142653927209519     
   14.840153824772639     
   15.503903736304419     
   16.133903661804865     
   16.730153601273972     
   17.292653554711745     
   17.821403522118178     
   18.316403503493277     
   18.777653498837033     
   19.205153508149458     
   19.598903531430544     
   19.958903568680292     
   20.285153619898704     
   20.577653685085778     
   20.836403764241513     
   21.061403857365917     
   21.252653964458979     
   21.410154085520702     
   21.533904220551094     
   10.565571358192191     
   11.431821185911996     
   12.264321027600463     
   13.063070883257593     
   13.828070752883386     
   14.559320636477842     
   15.256820534040962     
   15.920570445572743     
   16.550570371073189     
   17.146820310542296     
   17.709320263980068     
   18.238070231386502     
   18.733070212761596     
   19.194320208105360     
   19.621820217417781     
   20.015570240698867     
   20.375570277948615     
   20.701820329167028     
   20.994320394354101     
   21.253070473509837     
   21.478070566634241     
   21.669320673727302     
   21.826820794789029     
   21.950570929819417     
   10.940571422094692     
   11.806821249814497     
   12.639321091502964     
   13.438070947160094     
   14.203070816785887     
   14.934320700380344     
   15.631820597943463     
   16.295570509475244     
   16.925570434975690     
   17.521820374444797     
   18.084320327882569     
   18.613070295289003     
   19.108070276664101     
   19.569320272007857     
   19.996820281320282     
   20.390570304601368     
   20.750570341851116     
   21.076820393069529     
   21.369320458256603     
   21.628070537412338     
   21.853070630536742     
   22.044320737629803     
   22.201820858691526     
   22.325570993721918     
   11.273904840631371     
   12.140154668351176     
   12.972654510039643     
   13.771404365696773     
   14.536404235322566     
   15.267654118917022     
   15.965154016480142     
   16.628903928011923     
   17.258903853512368     
   17.855153792981476     
   18.417653746419248     
   18.946403713825681     
   19.441403695200776     
   19.902653690544540     
   20.330153699856961     
   20.723903723138047     
   21.083903760387795     
   21.410153811606207     
   21.702653876793281     
   21.961403955949017     
   22.186404049073420     
   22.377654156166482     
   22.535154277228209     
   22.658904412258597     
   11.565571613802227     
   12.431821441522033     
   13.264321283210499     
   14.063071138867629     
   14.828071008493422     
   15.559320892087879     
   16.256820789650998     
   16.920570701182779     
   17.550570626683225     
   18.146820566152332     
   18.709320519590104     
   19.238070486996538     
   19.733070468371636     
   20.194320463715393     
   20.621820473027817     
   21.015570496308904     
   21.375570533558651     
   21.701820584777064     
   21.994320649964138     
   22.253070729119873     
   22.478070822244277     
   22.669320929337339     
   22.826821050399062     
   22.950571185429453     
   11.815571741607258     
   12.681821569327063     
   13.514321411015530     
   14.313071266672660     
   15.078071136298453     
   15.809321019892909     
   16.506820917456029     
   17.170570828987810     
   17.800570754488255     
   18.396820693957363     
   18.959320647395135     
   19.488070614801568     
   19.983070596176667     
   20.444320591520423     
   20.871820600832848     
   21.265570624113934     
   21.625570661363682     
   21.951820712582094     
   22.244320777769168     
   22.503070856924904     
   22.728070950049307     
   22.919321057142369     
   23.076821178204092     
   23.200571313234484     
   12.023905224046469     
   12.890155051766275     
   13.722654893454742     
   14.521404749111872     
   15.286404618737665     
   16.017654502332121     
   16.715154399895241     
   17.378904311427021     
   18.008904236927467     
   18.605154176396574     
   19.167654129834347     
   19.696404097240780     
   20.191404078615875     
   20.652654073959638     
   21.080154083272060     
   21.473904106553146     
   21.833904143802894     
   22.160154195021306     
   22.452654260208380     
   22.711404339364115     
   22.936404432488519     
   23.127654539581581     
   23.285154660643308     
   23.408904795673696     
   12.190572061119859     
   13.056821888839664     
   13.889321730528131     
   14.688071586185261     
   15.453071455811054     
   16.184321339405511     
   16.881821236968630     
   17.545571148500411     
   18.175571074000857     
   18.771821013469964     
   19.334320966907736     
   19.863070934314170     
   20.358070915689268     
   20.819320911033024     
   21.246820920345449     
   21.640570943626535     
   22.000570980876283     
   22.326821032094696     
   22.619321097281770     
   22.878071176437505     
   23.103071269561909     
   23.294321376654970     
   23.451821497716693     
   23.575571632747085     
   12.315572252827424     
   13.181822080547230     
   14.014321922235697     
   14.813071777892826     
   15.578071647518620     
   16.309321531113078     
   17.006821428676194     
   17.670571340207978     
   18.300571265708420     
   18.896821205177531     
   19.459321158615300     
   19.988071126021737     
   20.483071107396832     
   20.944321102740592     
   21.371821112053013     
   21.765571135334099     
   22.125571172583847     
   22.451821223802263     
   22.744321288989333     
   23.003071368145072     
   23.228071461269472     
   23.419321568362534     
   23.576821689424261     
   23.700571824454649     
   12.398905799169169     
   13.265155626888975     
   14.097655468577441     
   14.896405324234571     
   15.661405193860364     
   16.392655077454819     
   17.090154975017938     
   17.753904886549723     
   18.383904812050169     
   18.980154751519276     
   19.542654704957044     
   20.071404672363478     
   20.566404653738577     
   21.027654649082336     
   21.455154658394761     
   21.848904681675847     
   22.208904718925595     
   22.535154770144004     
   22.827654835331082     
   23.086404914486813     
   23.311405007611221     
   23.502655114704282     
   23.660155235766005     
   23.783905370796397     
   12.440572700145092     
   13.306822527864897     
   14.139322369553364     
   14.938072225210494     
   15.703072094836287     
   16.434321978430745     
   17.131821875993861     
   17.795571787525645     
   18.425571713026088     
   19.021821652495198     
   19.584321605932967     
   20.113071573339404     
   20.608071554714499     
   21.069321550058259     
   21.496821559370680     
   21.890571582651766     
   22.250571619901514     
   22.576821671119930     
   22.869321736307000     
   23.128071815462739     
   23.353071908587140     
   23.544322015680201     
   23.701822136741928     
   23.825572271772316     
