   2.3925675220932652       0.74580639950003302       0.55072076929425151     
  -1.6313350439911112E-002   3.3636653919900086      -0.11622711426474730     
   1.5326056934313703       -1.2649813672577461        4.5970335373097369     
  0.99705875418930701       0.22737191411610036        1.5231502564541790     
   1.1384307992457137        4.2959791874082880        3.1158737302088202     
  -1.0864812111616591        4.3683357101415652       -9.5316803377296644E-003
  0.23355710910847538       0.31980737190786224       -1.3791383973599469E-002
   1.2058757596055925      -0.96017951524381484        3.2243947514083535     
   1.7759940286431091        1.6580412598598278      -0.14158249304968473     
  0.46413553194064905        4.6036753003315498       -1.0300349656738992     
 -0.19094486679506772       0.76688023674609962        3.0457914632472534     
   2.7173682522474216        3.8413088876830566      -0.48935686846388915     
   4.8261036175497614      -0.76911307240125426        1.8419687892959846     
   2.5187760262907286       -1.8794239137433959      -0.23798364319001752     
   1.4948318855410259      -0.60983827673462754       -3.0620657322563694     
   2.0757536951396212       -1.6192117688638470        2.2905561507591008     
   1.4608779009204920      -0.46440166604073996        8.0378492833658832E-002
  -1.2801346757190015        2.4009166341970447      -0.34153501014770304     
 -0.21336221345930673        4.2069354416196489       -1.0165966149178822     
 -0.98303731028932684       -2.5564096295666223      -0.67277767859412796     
   2.4858445196161529        2.0982176436250501        2.2993544671974746     
  -1.1302548424707455      -0.43100460851666167        2.0896147738884707     
   2.9647500390594157      -0.39211297754752472        4.5040553633053699     
  -1.2193068839527830       0.35858594581022807       -2.7800378540315083     
  0.71483554906783242       0.58795612287471721        1.5810872969777616     
 -0.48520630282745936        1.7515394540792348        1.9639535166303199     
  0.59113500964347665        1.8618831512474827      -0.12816949767245278     
  0.98253185054199887      -0.81964958124777754       -2.2069048719767785     
   4.8657873370750107        2.4694970509001797       -1.0087110921157665     
   3.3569957295734518       0.89212485531473185        1.6493439766668141     
 -0.30389974176849277      -0.56237692010426832      -0.39039482506627765     
 -0.39094541143204431        3.6060823545598426       -1.7153654988519778     
  -2.3136669587166616       0.22667096030212175       -1.4536979897914217     
   2.1267425481805713        1.3512722148840854        1.3903641377574614     
   1.4859382566148520       0.90121464348310010        6.7437973928940496     
  -1.7125270946394757        4.5848852158342526       0.38994231241896227     
   3.2483815628611747        2.0988055403722576      -0.77508663199135119     
  -2.4876811298968997        1.1824101799552995      -0.15641538963887358     
  -4.9939370436269392E-002  -2.2036941926552496       0.23162332728581170     
   1.6354129570920675       -1.6349719239716891        2.2065030700870327     
  -2.1072421658531866      -0.64549647559412060      -0.73837204351076169     
   5.5842613684602016        2.0092643434898267        1.1107450205171689     
  0.54549969679127575       -2.1136668503857043        5.4027894420268767     
  0.69057581289719483       -1.3430698832763002       -1.5044214250506895     
   2.9880258813575269       0.86633653838432512        4.2194032033762676     
   1.2898636414496245        1.7083855716928404        5.3242891893087103     
  -1.2634760020145519        3.1844586354516995        1.4751398467248995     
  0.86019139970613656        4.5852809155679495        2.6305337471969370     
  0.50490925154036415        3.3288098983045877      -0.96343906329526030     
   1.0987953098122540       0.85566395128116657       0.69013731954323099     
   1.6915238458811714        2.4765405061599965       -6.2714587339136596E-002
  0.70191953048632794        3.7333733060370253      -0.47894848547267221     
   3.1092570400822073        1.7916860184895267        1.9742351227276123     
  0.52366111122852299       0.58278941492329439        1.5257491827796352     
   5.0222554008618534      -0.58866268812846689       -1.3359602884035637     
   4.7687981366124621E-002 -0.49170494766587503        6.9708674876025585     
 -0.51131807452285338       -2.7503138047851290        1.7809257148712474     
   4.4842776649935470        1.0497151006864751        2.5695287058403773     
   1.8630300522883019       -1.7910019818219955       -1.1416873761533717     
   2.6279207240127009       0.83192196725931034       0.78207592301741524     
   1.6664056140766625        5.7409502520985152      -0.19684454111145655     
   1.7684219042319951       0.26627485079191393       -1.5990984094336462     
   2.9821225181223658        1.0867978185872795        2.9267352821625785     
   1.5300494985664717        6.2618267701246948      -0.72129519589910629     
  -1.6704222245063416      -0.15673947023750889        2.8156787230845515     
  -7.9523708740581789E-002   1.4893714219445515        5.2781931106776936     
  0.70172661011916571       -1.3792029218162305       -2.7620989235411653     
   2.0339574975939465       -1.0651756131538068       0.45580290881283769     
 -0.88872818880212101       -1.7828392616011477       -1.2550005639432582     
   1.6639941094871364       0.30319928879923941        3.2164711955380607     
   6.4892411647993784      -0.32765914378152283       0.71734364097946912     
   1.5085002935544622       0.50299373719650164        3.0248859534390720     
  0.32088251330441198       0.17576136313525481        2.5435394425858160     
 -0.39280709297515903        2.6676747832426200       -1.3543429380226435     
   2.7093524109918352        1.2921772860830165        1.2525956871295021     
   1.8288638552638901      -0.79729819914720146        1.7096010343492178     
  0.83432077846969532        1.9240306208513616       0.94447712413494056     
  -1.7931002859847378        1.4377947880837372      -0.74317688779050739     
   4.9114998180740761       0.87893109562258598        1.0212532110957317     
   3.8333064700783837       0.63762209230710587       -1.4522147001325028     
  -5.0412025335816679E-002   2.1867752440265749        2.2581900097401286     
  0.22816498484629388        9.0425889136695581E-002 -0.38870869237707950     
   7.5063381466430101E-002  0.99922381466666010        2.4348662891135735     
   3.0099223430304276        2.2220490488590476       -1.9838662824950748     
   1.9295731099316988       0.31898770817377420        1.7744410767469994     
  -2.2084915975490493       0.73503771389011963       -2.2783626682374289     
 -0.35676474538009462      -0.79349382885036546       0.55535446476719930     
   1.3938718343959060       0.66611812598667264       -3.0128572808795018     
   6.4496168355124617E-002  0.46903704719190831      -0.12731375363846142     
   3.3693378100626488       0.48391535717893852      -0.82534733158779394     
   2.0616463932908902      -0.70110359388531185        2.3448863886505267     
   1.9921950611125254        2.2702170121567242       0.13105755618005288     
 -0.64942494236504045       0.45045046541479783        1.2596761766551960     
  0.65803496996612321      -0.41629023127644915        1.8378252859790223E-002
   1.5945476003179495       0.14881421127044758        4.7624710450367589     
  -1.2492529479455241       0.41110660617857819        3.1701532573426761     
   5.7281558473172529        1.2269942342363427        1.2007249209802167     
  -1.1549341804399604        1.4270600195938554       -3.4589133421944585E-002
  -1.2401278145787555        5.8248894713224546       0.92769820222400767     
  -1.0110927546838790       0.15865017607950227        1.8826831887798985     
  0.87427940951815053        5.0108785905730846        2.1395542935197742E-002
   3.9325302379190443      -0.85045197908946735        1.4464692521638316     
  0.54515726313956270        3.9431676519901595       0.78033274072595038     
  -1.4195437560395332      -0.51797375713005778      -0.97425947119173228     
  -2.1233172554469704        2.0029274948973264      -0.28297042399919325     
   1.2611233297516469      -0.35607603751434969       0.77566735102952222     
   1.2144751849718443       0.38951270642536562        1.5443917250312609     
  -1.4913487166972768       -1.8716286289895530       0.78089055905921967     
  -1.6492347451827609       -1.1460735972816138       -2.7885382447691587     
   2.1424993191685378        3.6453753381160148      -0.95970548376917808     
   1.3522974952724676      -0.98544211681373817        3.4022310393612099     
  0.85988755012785623        3.1776808642987930        2.2390276822234121     
   2.0306826743613691       0.19188895371010162        2.8106393415510453     
   2.5227067787716564       0.76857043989432228        1.3315079647529249     
   5.8551360329833644      -0.13009757245298248      -0.86406499499239375     
  0.60029390407449856       0.93499044218086080        3.5497993438895463     
  -1.8320460851055920      -0.27191635701020633       0.99559990661007092     
   3.3092045316182137       -2.3731497771845818        1.0540186993305669     
 -0.15178685527033542      -0.47795155549321366        4.7126984364819249     
  -4.1282068959869189E-002  0.86281481075441668        2.9284911421434350     
  0.44179053041409544       0.23078058467923812        4.2846193387255038E-002
   2.7889272394370330        1.1872094524397179        2.8421433996913299     
   1.4999105142065687        1.2161520615330286        1.7062224301261253     
   1.5781590151275271       -2.2025127463074954       -1.0944312889429444     
  0.67066160799688435        9.1189024337398283E-002   2.4577558573116765     
   1.9899282467983701        4.0194246435270280        1.6179857119545424     
   3.7271375690198862        1.6360007846928708        1.3632148659234886     
  -4.4053407768287478E-003  0.87951333951645516       0.82081260295610381     
   1.6470701702778392        2.7948809419197245        5.1964410306303579     
   3.7577733233252326        2.1284773675462398        2.7014717581924961     
   2.6036465188145268       0.67809086935769436        1.9440558831288399     
 -0.10896817977870121        1.9414357562807183        6.6224275334952489     
   4.4451871755973213       0.39372973501591435      -0.93550377471895541     
   2.7561307770194716        3.2764136007096853        1.6219411510449921     
  0.19461130998762100      -0.70735564967773445       0.75235308023677216     
 -0.77307725169760566       0.38124823484442416       0.75357013841844900     
   3.6051347288265578      -0.51307838613888457      -0.92434740805358295     
   6.0578856928524010        1.2574405023177047       0.28383639104869474     
   2.1696914449200397        1.6628179209308920        3.5579257427901192     
   2.3038868523180147       -1.2512505864984389       0.14012210409566839     
 -0.29451898891523465        2.3803232894847532        2.1466453596204911     
   2.6761459927940541        2.3195438103888009        2.7860065910614784     
   2.3455576516250343      -0.56494896837330266       -1.6663979235735669     
   2.3128383573543374      -0.60040366451260851        1.4614416033363371     
 -0.12197101252542852        6.2011094724154665       0.57217775859100506     
   1.7891753127294612      -0.13641746248546749      -0.39234085038802169     
  0.71067329214630925       -1.6595222660209565       0.43120185254675203     
 -0.48574165684633419        2.1710320474787483        2.7630853286398951     
  -4.8989237627996118E-002 -0.86986387745400462      -0.60869829755989446     
  0.85449542586567473       -1.6343105401310802        1.5110113688608902     
   3.1172198282368235        2.2061927952444504        2.8333450832529570     
  0.60624549740145017        3.0307858174435633        3.1794967144249258     
  0.89948445548788269        1.3716507511695122        1.8983401351795974     
 -0.11697437501592933        3.2199981243910836        1.9871853824420187     
   3.7542428806061654      -0.59879825416446408       -1.6151039922916381     
  0.78820798770876799        3.1503549712603043        5.0237286303064455E-002
 -0.30264093637276002       0.94420459312267635       -1.7080061001596496     
   1.8691793889915953        1.1511442481398495       0.68878714562293375     
   1.6530699936965814       -1.2092611918997838       -2.2661794087312663     
   1.1162883641046806       -1.5938361102271532        1.0243402284627976     
  -5.9908530409372496E-002  -1.2579209534379130        5.1033107243532827     
   3.2274545260332630       0.20151011009229203        1.5162345768905876     
  -2.0447504359201947        1.2464287440142341        2.2723319722574269     
   5.7208345193834509        1.1183576987763333       0.12787545614254325     
  -5.0108175757536344E-002   1.7174697070078704        2.4419087455710899     
  -1.3341861395886503        3.1761772053107427      -0.49201284439161164     
   1.2094303173705550      -0.38032677833667483        4.8190262174165612     
   1.1069510183340334       -1.3860824443292303       -1.2646419467262304     
   3.6785023444583143       -5.2189947741261733E-002 -0.44475041833648765     
 -0.71884492498374231        1.7762113324752802        4.4186552781353514     
 -0.59738226181846743      -0.44567658935683507        4.3782895151097323     
 -0.72795076631379452       -2.5964742276035055        1.4317916572697005     
   1.2969414074198848      -0.54733750379709001       0.61392855918275302     
 -0.48525694442383926        8.4425385317838497E-002 -0.23243398465846443     
   1.9125117149607984       -1.7244876830140965        2.3801842453415079     
   2.8465549646129498        1.4309802733841304       -3.0402326500081678E-002
 -0.60100916472111532        3.6251918252707673       -2.5525525649953962     
   4.4785069345108104        1.3937166641764929        3.1043338634393258     
   1.4299021244680228        1.9286122584822456      -0.16448156951483162     
  -1.2663143429164248       -2.0362990731678137       -2.4593969033395355     
   3.0290190478748888       -1.0810120817817190        1.7639978301099539     
  -3.7643108534273662E-002   6.0153538852844610        1.4885369949903913     
  -2.0754995309412481        1.2072629496581788        3.5064194602108669     
   2.4866813117087192        1.0234773819156544       0.38263679390655181     
 -0.27663285937471604       -1.1268680280639334       -1.7235838110006458     
   1.6062699241276386       -1.3424904658091001      -0.96900773836090215     
   1.3182784000280163       0.82422560743889139       -1.2420344571171107     
   2.2171329747097959        3.3595981640129313        2.4058945994294341     
  -1.3389295691162491        2.0508495590747762       0.26001818210259398     
  0.59583020907928486        3.6470344505708754        4.0199165913634234     
 -0.65151571684415988       -1.0666312228884798        6.4690433389581168     
   1.7406968359662081      -0.20341790668048088        3.0685827793525640     
   1.9555329568379527        3.0873567472289754       -5.0331654225042488E-002
  -1.0002964486365684        1.3652036719369107        6.0543054081728931     
  0.35786293618480203        1.9729984628964408        1.1016899808685983     
 -0.67804226732895234        2.4491043824814058       -1.6715799291127387     
 -0.34683658098501358        4.5897721075454179        1.9499795334974710     
 -0.89488476001918249        3.2459305890816230        2.1761495122591148     
  0.61575888300713277       0.16571341632600456       0.19721290885230358     
 -0.30995020678361529       0.85707999104247001       -3.1436117998510769     
 -0.96186671149787295       -1.9445645691900304      -0.57318492014924116     
   1.2791734416042528      -0.58851288751499542      -0.82785434466515451     
  -1.1716869028234016        2.0729033899200111E-002  -2.1536363905719726     
   1.2211429951618857        1.4012914876501332        4.1912935965708167     
   1.4529561083438969       0.27868003744333425        4.8026624898332324     
   2.2513377558076408        1.4123258573669579       0.81050881090237414     
   5.6843556894576812       0.74298279925743316       0.20933277991150367     
  -1.5620419737392484      -0.75190296041207727       -1.7558104974363014     
   3.9783994667164295        1.8843164997214679      -0.88916365056713387     
   4.0572653128123068        3.3410341936491745       -1.2224347493163537     
  0.54580595787414543       -2.9742431105112761        1.1727357522239936     
  -1.0703940640449272       -1.4389846722979318       -1.6848534699066535     
  -1.4000563874515688        5.9978187342283187      -0.14162369554021037     
 -0.71187085371083114       -1.4199910850804465       -9.5172641606204866E-002
   1.2926489292505279      -0.98078699208945253       -1.2611143796527760     
   2.3975136702256705E-003 -0.59150889978442045        6.2927600679558386     
   2.9120224912094175        3.4988957759811674       -1.1159801914877931     
  -1.0269483973600162       0.50948603925581182       0.12988170048890169     
  0.37550550376177849       -1.9757796253254334        2.5617667905098385     
  -1.4472061251859927       -1.4566215747141680       -1.5531069217401177     
   5.1574998127562717      -0.93533805124761260        1.8006490301435809     
 -0.14101948727809921        5.7704835843657021       -1.7355135167189588     
   1.0134159898200656       -2.1351900894721849       0.20366585275306992     
  -1.1124121200128383        4.0263296038800513      -0.54076806837269853     
   1.3804276963092956       -1.7549565625088124       0.65194894967076689     
  0.70875614599763548        3.3852508124632132       0.28845423940990145     
   1.7419411723344043      -0.54929339105222352       0.40881622250200067     
  -3.1393008673270550E-003   3.2658851613666604        1.3035568290648794     
   1.9921203044702498      -0.50823106440108878        4.0816949717729241     
   9.5635927119681607E-002   1.7145613139651923        6.5742301278474313     
   1.5316579721276860        4.5206377112151070       -1.9953807938857846     
  0.79856057691160576       -1.6459469387284591       0.89513238759710401     
   1.2188183047375816      -0.96127334236482165        4.1667876229751748     
   4.2586259460377764        1.1833739914495203       0.35333865372055673     
  -1.1971620373071605       0.70762985447822135       0.21824519555440913     
 -0.23101683855923083       -2.4854634937413103        1.7947412268866900     
   1.0135510340770795        4.5765331250265637        1.1456435299922871     
 -0.13471099127189756        1.6504353456928254        4.5631429041413201     
   2.2470066935648516        2.7343360562373213        4.6718667683711326     
 -0.81197723223125884       0.20968130959314779        4.6839866394303327     
  0.94035704677576870       -2.4845138143804357        2.8304070287362526     
  -1.4942979868102677       -1.3494208640021468       -1.3394371447194482     
  -1.9946562510819588       -1.1175182086419926        1.0423457168224513     
  0.39940833725316605      -0.14070515174274778      -0.13414385879865387     
 -0.86985334237989687      -0.12333958628676145      -0.84166034841355319     
  0.55305011766108336      -0.89529323819741435        3.7643977616582145     
   1.3359981357518578        6.1021251840310091       -1.1738158104962357     
   3.0404881637026770        1.6963365148017484       -1.6306183146856719     
   1.0572667892760172       -1.2402529603283146        7.8537058449402952E-002
  0.14173907186225065        2.6227769956012876       0.24813284829715432     
   2.3370185138735202        1.5432176764207890        3.9187803242350032     
   1.7465278540636833      -0.44550135090334031       -2.5993776107664797     
  -1.4181378488638392        1.9894765303782771       0.59763138946873440     
   3.6459446209951158        3.3056416788965928       -1.1038159485157193     
 -0.43594167556802077       0.90629938506111429       0.85321360762090581     
  0.14876137322695193        4.1964409193966539      -0.67612141917139157     
   4.4240310458334049      -0.46928855775190526       0.70219697157781713     
   2.3692362151895958      -0.17303381998584255        3.6170006059366759     
   1.5646811159766632        2.5861012831408576       0.25650012329618388     
 -0.55343017916975601       -1.3580527710500931        4.7506903021688069     
 -0.30155334780288356        2.2597733656137766       -1.6948498279926152     
   3.2682451261651053       -1.0733298540946468      -0.44493107541033039     
  0.94895647214202050        3.4300496751711220      -0.46714238722593571     
  0.82334602108275989       -3.0152206443623331       0.68315508211032938     
  -2.0676814330620026      -0.50662000119960560        2.5971819158276999     
   1.3329644629782331       -1.7869686709649490        1.9850016504441657     
  -1.8350966384113432       -1.7719546924977940       0.71662418210644674     
  0.94334248945760235       0.12930338797248586       -2.7833308838512023     
   1.0223626718472096       -1.0747091503092498        1.4747500077760813     
  0.12103871646575470        1.5851166253660276        3.4447615178505941     
   4.9965222353870153        1.0514872702081064       -1.5569419227813395     
   1.2566451657288962        3.3567660844903244      -0.36097941625340191     
   1.8536179498753800       -4.1943964704107550E-003   1.3437134102155239     
   1.8244483903604669       0.18411345394294365        1.9167449707551141     
  -1.0131787061538196        5.2617324367506848        1.6331704144243719     
   1.9920576053509222        1.7509939537320660       -1.8557297063830445     
  -7.9135456501667978E-002  0.65623976477757884        2.8331897815578992     
   1.8876876867162116       -1.4842018461528916        1.9065521084835693     
   4.1005614662126675      -0.11340752297095147       -1.8131833807819191     
   1.6015481981413453      -0.10183047933362710        6.2486100146465668     
  -6.7903188158706662E-003 -0.40844124441589003        5.7011366759221938     
 -0.29640237399965486       0.14662373060176437       0.88412181435974446     
  0.29069288734812870        3.8071402156782677        4.9142071399528691     
   1.7380586499452662       -1.2654138105381438       -2.5126875707007779     
 -0.35180910344861749        4.9313796876465643       0.97479264889468187     
  -1.9621539922243196       -1.9269333196271325       -1.0694594102621289     
   1.6332546604844413       0.52736601436560537        2.7893122985705645     
  -1.5821876830801536       0.44596492629066820        2.0254054465379641     
  -1.4062443082282940        4.5116779386735253       0.40996355339201873     
  0.15949739165952437        1.1360652618593017       -3.0345139437841864     
   4.9905320579866306       -1.2513382057251863      -0.47909744832303369     
  0.20124535911340846        2.3940738552307455      -0.96744204372093234     
   5.1977285323187550       -1.2142308264394330E-002   3.2707602309389605     
 -0.13134935387409730      -0.11687837492081332        2.2835232025686292     
   2.9837743987661911        3.0827270603447134       -1.3011188285307114     
 -0.59528425282557906      -0.98479486510647574       -1.0548673897713972     
  0.52523582372548372      -0.22301634920518953       0.23120813295820852     
  -2.0083487741412909        1.2299026272790208       -1.1124240996132055     
   2.6550766771953604       0.22125270037713385        3.8093591870886048     
   3.1217896294339766       -1.4603128879442329       0.33993199718802103     
  -2.2875431294983204      -0.95653059841378907        3.2326764520039841     
 -0.10954935238477725      -0.66131598566201744       -1.2396066795984528     
  -1.3251020017999038       0.31043211464589815        3.0190689951222982E-002
  0.65626733710200025      -0.81217933556090083        1.4772728679651825     
   4.5869040658100300       0.68053572842661181       -2.0448935098080714     
 -0.30748564909311904       -1.6984562933901322       -2.1683234937331477     
   4.3099475867120809       0.28157995120600354        2.1786026451565572     
   3.1308183026171639       -1.3001336357434401        1.9692686379081126     
  0.92072257640784327        4.2597415710815945       0.54449919322489748     
   1.3621243764747888        2.8929268566499848        1.0840616537683703     
   1.0670333828635998        1.6672073615482654      -0.67661584905769789     
   2.5534462277743524      -0.10607011933752997        2.2583199560564013     
  -2.2751190578530793      -0.65706503995143706      -0.76201276480536784     
 -0.47773787311369542       -1.0222167542075926       -3.0236364862854486     
   1.1818402933617813        3.8392371169344823      -0.43799637931264979     
 -0.47789220940742538        1.4474922579859983        1.0999594762665259     
 -0.58554177428389176        1.9385217103847019        4.3741502495230913     
  -1.5018363501571277        1.1189031991235021        3.2343752623825743     
 -0.55729823253135669        1.1203503295781676       -1.8983647758099169     
  -1.3428699676155356        4.5135094631552111       0.70979090752390572     
 -0.44895415433310637       -1.8712301028291860       -2.3864051066623961     
   1.6743659907266899        3.8879421012993198       0.79787549342277941     
   2.3955794913255835       -1.8001850420704493      -0.11836647434972658     
  0.98332523555195328        1.6668681903479534       0.22291692409553399     
   1.9806463656332820       -1.1749342400015159        6.0092172058485778     
   2.9608361671106147        2.1948899149940457       -1.6640694664556754E-002
  0.44268519861681010      -0.58432412319113913        2.2657490820403883     
  -2.1050971325208025        1.5566333106064727      -0.98836181592968009     
   3.1678023427544382       -5.2756646288449893E-002  0.40942950572636061     
  -1.0227367045944080       -2.1974039801027923       0.99037194444685195     
  -2.1711503463566206E-002 -0.91199035374611892      -0.96300643714474221     
   1.2281809713064185       0.83731902898427890        1.6476847840675743     
   2.1202447490640921       0.91039911694488840       -2.5868663160472871     
   1.4076740809140613        2.2556877658633487       -2.6872736160356401     
  -1.6667048901815864       -1.9554618572133957       -6.8164409066723941E-002
   5.5355525930086484       -9.8431701263831606E-002 -0.97811824290056526     
   1.1604273383590797      -0.34516744378430708        5.1079840376055801     
   2.4865233581581050        2.7197191907171980        2.1512933174940052     
  0.71968146754048590       0.16263967732317530        3.7951332348790814     
   5.4476194896561525       0.43795624632329577       0.29852507892104363     
 -0.78586907779274906        3.9344043161020927       0.85289508067492026     
   1.7878429564437477       0.45912052922277935      -0.59215866703624487     
   1.1296758318334374        1.5373231636020286        1.7201504566349257     
  0.69074341246616688       -1.7671992296267496        2.4950108323026194     
  0.67947686302389876       -2.1866861701729254       -2.3170343750179807     
   1.3919124869169153       -2.8134067141098784      -0.44588348682593981     
  0.70264659912007010       0.44227502627393811        5.3047164215979121     
  0.91246679044559897        1.0973728939703484        1.1035329999640284     
  0.15930567704465703       -1.7997822762700786       -2.5022047062843802     
   2.6910382393866756        1.3412143755814929        1.8069926289733376     
   1.8946629637414176       0.77828062871659487        1.3023191696379390     
   8.6767618991697493E-002   5.9825235263075713        1.7992845938227164     
  0.51381614374178053       -5.4000274022928174E-002  0.57107004548033835     
   1.7732003005761428        2.8923573316761271        1.4862977981014467     
   5.2933024879631665       -9.8861318117560160E-002 -0.29385263563145392     
   2.9193016178129030       0.73360047592879596       -1.4634455482230559     
   2.7273072684131554        1.1438619598264790       -1.5307894342758503     
  0.91844732182762501       0.87609760288664429      -0.60425318271665995     
   4.2261827690425804        2.5591103216626765       0.37426159535165215     
 -0.11282779287423850       -2.1096943077020471      -0.99087199842938878     
   4.2048677883516739E-002 -0.23050496666541687       -2.0869343125446722     
  -1.9519762371042226       -1.2044237626553307       0.46564238049256801     
  -1.4806331960537154        1.3059857935757284        4.4279781339723394     
  -1.8374490611384264       0.95712560264123780       0.80105600874911520     
   1.6900612683476242       -1.9009570453232192       -1.1640872685986903     
   1.2843111521322399        1.2271963237431960       0.98787443963653487     
   1.2018955712805788       -4.5193128521487047E-002  -1.3281872800948062     
   1.4013752309262175        6.1160552278704996      -0.26275426355172771     
   1.9785929694752999        1.2240307258736145      -0.10940493266042495     
 -0.11297248314961017        5.4525459144063460       -1.3459360452442626     
   2.3307883917664789      -0.10769107503235542      -0.27208504294458491     
   2.8351593996751419      -0.61346316893796438        4.0906628523069211     
   1.7288768462206434       -2.2805574527126757      -0.27127367082346687     
  0.87555147818912582        3.5971437802182802        1.3679008568651803     
  0.45483074148196057      -0.60351414706213902       -1.7846855197388232     
 -0.63659694370105369        1.5671363121094748       -2.0637468186458463     
  -1.7277545403700412        3.3489156844164301        1.5699832257811330     
   2.2257239598099847       0.16233442324289404      -0.84141471818157410     
   1.6415610880430656       0.11114218340910043        2.2484931620660635     
  0.50618614322051858       0.43900767704426347        2.0106597090633489     
   2.8879038280572678        3.5980934595791547        1.9895640339142808     
   1.2118116781527126       -5.6634503678686610E-002   1.9952436387621066     
   2.1331993517190284      -0.70965212134651523        1.6362114751673902     
  0.95530475797394887       0.31781050146602396        3.5737681003971833     
   4.0702741743205078        2.6428064681930596        1.5309359424523290     
  0.43256773111145108        1.6222177150401818        2.8206119289693961     
  0.12202381609057600        3.6647292947338324       -1.1218198521641991     
  -1.6685858637614170        3.4183553348270230       -1.5003249466657480     
  -1.3963366416222240       0.56389051299922954        4.7107286404925715     
   4.9289820205958490       -1.5243187330831560        2.3593722334925955     
   6.4811421266354534       -6.7962821769115500E-002 -0.81816383583578611     
   1.5479368338592856        8.6156571652765468E-002   2.3599807625834348     
  0.40553958767203735       -2.0783888059132281        2.4447691492402654     
 -0.40626931734619109        1.9366746405563351        4.3003771902371399     
   3.1953996012769803       -1.5841033099915265       -4.8647059301272222E-003
 -0.67273092847052007        2.8186102070215693        3.7726810469650189     
   1.3123038974074639        5.0249866992927386       0.94875109017137671     
  -1.5987872749221597       -1.2595390827060693        1.6534277773623627     
  0.66563482668001628       -1.3318956054393465      -0.56973183450096743     
   3.6191684797853076        1.5672493691762455        1.1972338022637654     
  -2.0659632360419651        1.0166162311760045       -1.4259322653107409     
 -0.63410827096466260        3.0010843127895539       0.18920536328978521     
   3.6305121973744408      -0.13918877383468509       -2.3390301661139143     
  -1.3023844228142685       0.99717041569143650      -0.44163646087946251     
 -0.41109232652524419       -4.6753316042923210E-002   1.0790777371259557     
 -0.73149447230810383        1.2346807015634189        4.7099679791290230     
   3.7717615640727065E-002   5.4935856296441274       -4.9540883349187492E-002
  -2.0563172176838589      -0.75801793451104027        1.6640770364520368     
  0.54733605753620029        3.8955918250796957      -0.63737998509918103     
  0.50782596634139665        3.2009692068402327        2.1147942497330874     
 -0.88922134149067933       0.95710864408122198        5.4762899309908883     
   2.1542903708590284       0.75016898906404883       -1.5161150088040678     
 -0.26354200671047101        4.0058507294478654       0.23766583099249727     
  0.13155890523756408        2.0609073983773687       0.54923272550181057     
   1.0316481702691815        1.7729284378989245       0.17762429402976521     
   3.9932073106484181       0.17656265509599267        1.0934605757417115     
   1.4525232432700763        1.0010652316416886        2.1770480434948061     
   2.1365416970801121        4.0024137946180343       0.38229291158178125     
   3.7176398581940360        1.9772451689670172        2.0820160838088597     
   1.6773140550873862       -1.6991897511108074        2.5826326825386676     
  0.82537771369943602       -1.2042711356151901       -1.2567801945917259     
   3.0271392800473533       -1.3406631809674179        1.9688296729128982     
  -1.0055137388160094        1.2086380062327775       -1.0849721479449883     
  0.69095080186086610       0.30852286343080726       -2.1267739514605051     
 -0.22302872960642439        4.4281414852499559        2.8854773267459626     
  -1.3620305773316190        1.9079637984499040       -2.2172419429651624     
  -2.2571810809638859      -0.97037867587987092        3.2238195012521702     
  0.68419858901019159        1.6333255718504081       0.42991031293989401     
   2.2400627660993093      -0.98688500762839970        2.6707172684375413     
 -0.81363514163655815        1.6559369852045567        6.0967360498583121     
  0.56451079322280862      -0.51937142511801104       -1.9523796561777045     
  0.37977024962835637        7.3531991395694023      -0.58826027754806054     
  -1.0533772819089329      -0.67663380499611891       -1.7077256062818413     
  -1.6614622792039555      -0.18388588518249982      -0.41683256158309723     
  -1.8587040625905136        1.4184493107459284       -1.2034578330070018     
   2.1859871871837653      -0.19998521149065374       -1.2211051766413186     
   3.1833854854119590       0.15356684771482287      -0.23721505827059941     
   3.5990131244260448       0.70112483349889931        2.9528972789351116     
 -0.49892414668498120      -0.80823223071726691        1.4518588548668045     
   1.5111131587772144       -1.1151595555864882        1.4843644504690952     
  -1.2922512805290778       -1.1491671212711285        2.3565894806709489     
   3.7020711845640522       0.98535029936055452      -0.15704135055262647     
 -0.66132451176205942       0.68145290388078950      -0.10186804631660218     
  -1.3566095150143633      -0.57158117855274160        5.2915252857850481     
 -0.43151777039853423        2.4742666459045699       -1.7402312018841313     
 -0.29693652226623479      -0.33171930569192698        1.1304033626313661     
   1.6520221949524316        1.7818147233471056       -1.1519864140735785     
   3.9416782805794135      -0.15652607502397897        2.6118674342777011     
  0.71805611344714482       -9.3756791552860985E-002   2.0307221525269306     
 -0.29408130083223538        1.3942550984569886        4.1163541898607594     
 -0.26569306880432864        6.5039935939342977        1.1874402872080827     
  0.88472966465686431        1.5602341781831210       -1.0604661743493464     
   3.4318958563718525        3.3590173333323969       0.28478880246430371     
   1.7226214033154115        2.6786851283327557        1.5592515617104086     
  -1.7548839670022152       -1.2235021426728938        1.9576352731793483     
  -2.1953597493067827      -0.52779417659243189       0.26633008670886937     
  0.36793458510295984       -1.5754261801168719       0.19482791853534520     
  0.54295194219244092        1.4552267745664516       0.27150258398099636     
   4.0371256322328755        1.8922601718754475       -3.0327845074900939E-002
 -0.24786722687854823        3.7149209795267044        9.8680322182861602E-002
   1.8214737994492856      -0.49333438264070839      -0.77760156862458230     
 -0.54249521160854774      -0.44829244723924333       0.47779394577524936     
   5.3793883788000878      -0.44793066462557674        2.1415124801277159     
  -5.4445266761800060E-002   4.4591530386651712       -1.0699490860149128     
 -0.16680208859702228       -1.7620607859420192        3.9524443437055305     
   2.0784823125826701        2.8882929301257185       0.12357930414967067     
   2.1331173605629843       -1.0113618625842662       -2.3571909561686262     
   4.2685143206071299       0.94009355553222473       0.83069010770401075     
 -0.52069521011922726      -0.27495335246633568       -3.0446259857858546     
   1.9406600022820468        1.2756469297077988       0.17408721868926635     
  -1.4866089044265622      -0.40329573466448654        1.4119368109699204     
  -1.6261289139582120       0.73849019406663086       -1.5885172929244571     
  -1.5032772241493699        2.7232296126404298      -0.89966236209527173     
  -1.3949331459511196       -2.6539453742830794       0.45411202199011758     
   3.0856037973158355        1.3656403548573124      -0.56801400758828802     
 -0.95368568217790406        1.6456600978350959      -0.29944983549822890     
 -0.79194124634917706        3.3170957729738042       0.63687359227194751     
 -0.70273486857341005       0.34794586261376637        7.8179225502268404     
   2.6198168628395972      -0.56229919337086320      -0.16435637733208086     
   4.2100787413937217        2.7833985835758206       0.11467956619615727     
  0.60910433609233383       -2.6484055780113129       0.85383956853465914     
  0.21878784924991956        1.2981000631684694       0.88081769156183221     
  -1.3819881893145409       0.35963596331786141        5.8293762582605373     
 -0.83285965622426428       0.71888609868858344       -1.0181987579148553     
   3.1852085828816410        1.0673732013027308       0.23263278830368739     
  -1.0845049831505420       0.37510217005209956       -2.0162878884051398     
  0.45175848463490365        2.5577366783014117        4.4312806720590769     
  -1.2274589752176777      -0.15133675565920202        3.5354751395872315     
   2.2182531185916314      -0.21103088691415595       -1.6642030985974960     
 -0.85967558725979965        2.0803192967419060       0.23907305451506122     
   3.4638241771371847        1.6567623017919839        1.2925383322716497     
  -1.0722738318724632      -0.25290722444603997       0.51179550872585011     
  0.70289980710197053       -2.4226617063634954       -1.8698193734315993     
   3.3303208715564034        2.3239261849395012        3.6085651883571614     
   1.6844786352228702       0.53672007342755013       -2.8418431745309678     
  0.10191427931851393        1.9567168320681185       0.53711602386495905     
  -1.8137077984545371        2.8474256269147631        3.4848309398866659     
  -2.5620844867498582      -0.20800943680470763       0.22818608874927859     
 -0.90042278030903056        4.7908313818771768      -0.24048273271150800     
  -1.4413714898316330       -2.1964571271685869      -0.29707593815948874     
 -0.36838699174931788        4.6990742664860399        7.7727271039458756E-002
   2.4812783356758850        2.4704933663010964        4.0826600608779255     
  -2.3333966835158737        3.1209785056732606      -0.43424853738600122     
   3.5475877890543899       0.61509123211303107       0.80045698792532072     
 -0.48676292903999885        2.3321115165737032      -0.57968699009640368     
   4.2631680149321500        2.4810755077508384      -0.41832535950906058     
   2.0530722887228290       -8.0345397007181241E-002   1.7983432753853252     
   2.6901725092390354      -0.82706471161460415       -1.4017083703040809     
  0.33932208314822665      -0.29452070429768229       -1.2199610151736482     
 -0.24962521372431290        1.5042624508515932      -0.85484356067054668     
  0.77487839609015996        3.7410512940840936        1.1195544299337605     
  0.58041466599073610      -0.27111789147613807      -0.25896680384572779     
   1.9745344072511273       -1.9926604586076404      -0.71516077894432506     
  0.48549784534697027       0.12883278793205299        2.0921761239902636E-003
   6.7793319036441853        7.3118265427429385E-002   1.5380196014003715     
   4.6943257435027865        2.0134488681736791       0.72958870422142041     
  0.88252796096662633       0.24686436564071146      -0.99335999497266059     
 -0.84681021027467551      -0.11473735671884233        2.3310344282780804     
  0.74655768619075946        3.3894890392537818        2.2214991919271494     
  -1.9033964771482097       -1.2199832414696545        2.4320502573572718     
 -0.20754928164625319      -0.99929584713315833        2.1212947349690765     
  -1.5466095501185730      -0.13332393849595281        2.4498497332642977     
 -0.21437866264379224        2.0330303521383719      -0.81348893787231313     
   1.2228009045671850        3.1039068885908776      -0.45648520458039155     
 -0.91830649834495937       0.54411400559435652        5.1219009711361627     
  0.40219483080636387        3.3739776096928358       -1.6765860317115897     
 -0.23961264666859838       -1.7086158840528183        4.0982536188306620     
   2.7421645481892281      -0.10374820982872590        1.4677852021660938     
  -2.2342549068312567        1.8665199041984177        2.4990391681070765     
 -0.38762115235538186        2.2990310188365832        3.2331280946885910     
   2.0434841464748708        3.9183699976073312        2.0566385190674854     
   1.3181035659452753        4.2157553060411015      -0.43833075337037641     
   1.0720915137401317        2.5511935005620554        3.0452954486497728     
   1.1798278927818213        2.8496528511301475       0.49326389625640932     
   3.8117247097544160        2.5224204770689003        1.7482537245956813     
   1.4945195956966817       -1.7050093636228314       0.89915279984569008     
   1.2586937388776986        2.4410193889939631        3.3219099535040497     
   4.1355222539993290       0.59158666793139281        1.0662954567959995     
   1.7704728888853882        2.1060086887388891       -1.7272587562132877     
   3.1434485579048097      -0.56828839148304366      -0.18240623760460872     
   3.5583045154502466       0.51995371042544836       -1.5584933550207429     
   2.5891497589745880        3.7804290704403440        1.4386138388740228     
  0.68217051365039971        4.7290230834736109        1.6487592182435860     
  -1.5305489295523260       0.21849834758793119        5.3788397020533294     
   2.2691530543386573E-002   1.7553508904427435        1.4420621703887750     
   3.9490454271004172        1.2053056491897101        2.6039977585873260     
   1.6911054498348888        2.6556921473782555       0.48347672004542286     
   3.4469894635976992        1.7561196784967841       0.15385679584123402     
   3.0089830619928071      -0.90262074933749359        2.7433509203893429     
   2.2298934512452755      -0.71304665977630677       -2.2141327396416597     
   3.2830071515098922      -0.38445760091381098       -1.4205093836731124     
 -0.19573290915757280      -0.56028395115567475        3.6173001163485727     
   2.3961908077390293       -1.1626520029102090        1.9081447432134979     
 -0.44297965171255438       -1.0982546976775924        1.6671672232414512     
   1.9597277690714341        3.5123029308868432        2.2221457540861653     
  0.74849653588073917      -0.48901277626339645       0.96127347786878747     
   3.0769681993807412      -0.30287562153204073        1.9870506819922236     
  0.89094893499325334        2.5052810257464548        2.1063223837965701     
   7.6053304100430985E-002   2.3026827620932782       -1.5351156957810304     
 -0.32275167889711698       0.37076360511477180       -1.4458647624580498     
   4.7496649508232425      -0.30034314323637590       0.91238830757142786     
   3.8693114393523107       -1.4943388254022236       0.48542908421186315     
   1.1147172688646041       -2.7084812768666184       0.19171237636714622     
   2.1722295535005163        2.3383861837794804        4.8092311176497047     
  0.21771472970758055       0.41514980952896696      -0.56042957990924336     
  -2.1748064956902473        2.7150018846061892        2.4485439312568733     
   2.2362791153983421       0.68739122631292293      -0.32898568236033299     
  -1.8153572675937732        2.2799582916723589      -0.45961659386033160     
   1.8365481146384157        1.2427275382908274       0.27102400120643066     
   3.3027429050705770       -1.8432781562834537       -9.0036592691080664E-002
   1.6667781915357445       -1.7202720676368821       0.29779928120332499     
   1.5949346468045693        6.0570592240028551       0.27071973666101146     
  -1.5319186641591771       -1.3095583554721164        3.4683372659870644     
  0.87526450914297227       -2.0224509957017318        5.4462596542424775     
   1.6284256225439142       0.39425686358973300       -1.5477680297947143     
 -0.33477061777131745        4.4085515220052542        2.6876451531988348     
 -0.14138724172800199        1.8997699875356941        1.5920899466592502     
 -0.73897737104940475        4.1515049749952864        1.1312305818642248     
  0.66664042409384860        1.1943843365396560       -3.6435321939722876E-002
   1.6454411989276139        1.8474019542074842       -1.0713404624257366     
  0.34577526942979997       -1.8946965102507891       -2.4139584798457534     
   1.6681286341058801      -0.45769596876789986        1.7548714784585497     
   4.6931199912080226       0.39611099948477335       -1.2536963466470077     
   4.0643539305532199        1.0672177478359215      -0.72508740973862817     
 -0.65247670142308634      -0.15460693131554581       -2.8870201206810302     
  -1.2556229373187586        1.6723952676997085        1.8408452290735777     
  0.89397296174851970        1.9314316190848411       0.66111016496800001     
   4.3136022219175087        1.2901719363611708        3.3165282743569469     
   1.7914385097867322       0.62268301414668681       -1.8117492171693961     
  0.59996232219343870        2.0307409465362651        1.4743078733585193     
 -0.68411564163767524        1.8223541610644256        1.5521995969858473     
 -0.11862746141204994      -0.47858326185379552       0.49741583953244284     
   3.3706846353758992      -0.83448690804810344        3.1555723298301626     
   1.1778745740643046      -0.44086742437907445        6.6087720773083865     
 -0.15991241998474504       -1.8149177910840122       -2.3122643943840648     
   2.0369103849638215        4.1555806822523715       0.38919908287832872     
   3.3302485264187176       -2.0938521862207966       0.66587697617956820     
   4.7069282664876519       0.44586176171723979       0.29102305622305025     
   3.7177869599739974        1.1804613587668387        1.4190331476073554     
 -0.83760308575186304       0.80348387532646370        3.5099391037284509     
   1.5848593806295268      -0.35711474931530596        6.1160663567594780     
   1.9688480794290237        3.7975967860294819        3.9140024200452164     
  0.65853294566386023        1.7625695841560551        4.8986024890219140     
   3.3397016244096616       0.28708441714440447      -0.18621588326704552     
  -8.7786043499349375E-003   1.9426016572817915        4.4223777646832163     
   1.6228646929604658       -1.6021443914214684        1.6872423443944253     
   2.2534827891400244       -1.1437658199061560       -1.5570290818959127     
   1.0609262474906238        1.3704424537684003        3.0643436769619568     
   3.2166955983070897       0.20405530730796873        2.6586576164029552     
   1.0837680189626200        2.2973295099816839        5.4976486681948495     
   3.8139770550410335       -1.0820818842760369       0.87891286873061425     
   1.7199422217164475        3.3171946979072287        2.2809638940225243     
  0.31856867465076100       0.42727517994012931      -0.76492704865446148     
   2.0557008287254126       0.60825693242673928       0.67110018420926565     
  -1.7452934132496680        5.4729533517167361E-002   2.5753905524732197     
  -1.8474640396987303      -0.74444826007188158        2.2033764349406155     
  0.76251702356424644        2.6326115471970075      -0.86503008409739524     
  0.55416302702914999        1.6532660120020983        2.2023622197892179     
   2.2950764203001794        1.8587585365646060        1.4396724259382943     
   1.2382007728759019        6.6400097245395129       0.25184899600032162     
   3.1914809063189997       -1.8083378697979546       0.19667569176429733     
   5.7107122288689132      -0.78575931226991180       0.15306444025420474     
   2.2640741172972252        2.5925667341468097        1.8366615915740629     
 -0.30315579260262382       -2.3765174645610152        2.6597986084482770     
 -0.45926695371021653        6.9134269348178856        3.0040142389687663E-002
   4.8116261497465382      -0.23684464168458641      -0.77646374600160817     
  -8.4229759947042737E-002  -2.3478461924279541        2.3720657699968051     
 -0.48735615916902253        1.7439151681388827        1.0292449095465095     
   4.5413832994258314       -1.2319277205739838       0.15154311752710869     
   9.8620164049220804E-002   5.5416829322750720        3.2727812540890966E-002
   2.2215158843012608       -1.9115815831729999      -0.51880238678907231     
 -0.22008428250261236        2.8296791306166913E-002   1.9859033511022055     
 -0.27317596754562956        3.6955735768526843E-003  -2.5658942483697955     
  0.92941243319620215      -0.45070338918812958        1.5331577075183596     
   1.5958365495210520       0.57856814669274170       -1.2056288873154624     
   2.5922316618400023       -1.2288977911845276      -0.90542120250180069     
  0.91367013123577268        2.4099117370719920       0.21183820827769040     
  0.56294090373502659      -0.42058498660040256        2.1008139277555431     
  0.73085879131294140      -0.96470603755464879       -1.2355482342816888     
   5.4129589341908870        2.1688740707167620      -0.24749983379023943     
  0.45814656029255962        1.7130279774971147       -1.6122277415107220     
   1.9589126805201742        1.2622468408687961       -2.1420537366007784     
 -0.33761137017777987        2.0900054609374896        2.2004098556227776     
   2.3660518233791255        1.9376949805839407        2.7290187925311571     
   3.0729120486611574        3.1467724754570057        2.5464600652796063     
   6.8900781487895024E-002   3.3072343703247258      -0.53521999455231928     
  -2.6479048037060249E-002   4.6541510410046847       -1.1652504466004490     
 -0.65879484344764583        1.8374925023050288        2.1891647451316576     
 -0.76374352318384275        1.5176766718239429        3.3851272516595952     
   2.3803954526776296        3.5617484390390288       0.21509637445155461     
   1.9649993181041392        1.7637792947705027        3.6026764016343602     
  0.34878965016670804       -1.1956024850205429        6.2396357952678718     
 -0.79453361378291820       -1.0653607441006439      -0.52720769485627894     
 -0.57445005892436418       0.35680671022192323       -2.3807873055503586     
  0.41700629199523620       -1.4477649667460148      -0.35397974699758494     
   1.2471812159672986        2.9878707681107226       0.27179100141467538     
  -1.1333017785196122       0.24411142606484404       0.28477295535256308     
 -0.80857821651232120        3.1861276403999028        1.2697787103898195     
   2.3676627084449295       -1.6798485134130019      -0.51767407243314256     
  -1.8426313845013189      -0.60028919423250349        5.3599055729456770     
 -0.53968580876174910        4.4635368264292064       -1.6207851818506382     
   3.1205537333318443       0.85656416817532843       -1.0666180231270417     
  0.28200061905518004       -1.3387327315523074       0.54476700941331391     
  0.27860522059312665        4.6585376551953894       0.85187135725647778     
   2.2132106624949310        3.5827770534583880      -0.44287570501757623     
 -0.22599729175613126      -0.95461004149202111        2.5696475591784314     
   2.5989742286723194        2.3564244387827529      -0.72776874104513567     
   2.6823158272863576      -0.69485012487955533       -2.4097431481227574     
 -0.16395410167679136      -0.25021929268356580       -3.2093503734845501     
   1.0921889929892465       -1.8085979010515274        4.0696717680953407     
  -1.8108766920664330       0.90585704928737432       -1.4853874591390714     
  0.73937622552314952       -1.4811846356834473      -0.47198367986268464     
  0.70895268362168196       -2.0172334120702620      -0.77348448899437816     
   6.5679011356287731E-002  0.16938070492938095        4.2911002910242013     
  -1.0535677907715055      -0.91090217947845087       -2.0043359967303900     
   4.4275313447451028       0.79779710486789490       0.84804269505995222     
  -1.2464109897867670        3.2095304532214470        2.4098326066969697     
  -2.2370956592377191        1.8968022395329616        1.9106359091791179     
   1.4746922049615945       -1.4283417626748005       0.89844918808440877     
   2.9124891173474907       0.78793852864548608        1.8829942490143914E-003
 -0.41010119813894885        3.2088521108208230       -1.0935200800178606     
  -1.5077409191445836      -0.37569002538573937        1.6051035948206200     
  0.95268827549431290      -0.35723911208875370      -0.19005722315296358     
  0.20770698566104517       -1.0997979266390128        4.8378129683850259     
  -2.2369799070174219       0.45731444258111642       -1.2312504975776419     
 -0.49760987668368939        3.6934599218269479       -1.0004151291195695     
   1.6445007121376980        1.9237098214243993      -0.88834435489014529     
 -0.38100880677089988        4.2239236791152877      -0.25303998405474859     
  0.60705214568664712        3.2322775350557214      -0.84412457428921428     
  -1.7826910264240463       -2.2979314974486700       -1.0234378130562929     
 -0.30183428808756352        1.1131358755048595        4.1849626754304525     
   2.9685517760448050       -4.2036009931913920E-002   2.9399121555748753     
 -0.45771394475456173        1.9361913215958895        1.4291372660531527     
  0.13061660981920653        1.1047548138238108       -2.1378043335875403     
  -2.0560199997431998       -1.9790801850684718      -0.24406180289811941     
   4.1464469726660313       0.27916688943711554       0.96893951817329604     
   2.1684730322261814       -7.3649405866627049E-003   2.1795067228813574     
  -2.3307386025820680        6.7885843055945472E-002 -0.74792389011239990     
  0.28587892131128623        7.3125826817253445       -1.4087864827630137     
   3.9677255445270374       0.70498502572245325       0.36000474127423399     
 -0.19997173134981328        1.0371014650681962       -2.2404429069089677     
   3.8910204065433760       0.91861765909245463        1.5622553817408367     
   2.0440008113331771       0.69874427563670771        3.3406816497163607     
   2.9184702516056644        3.0702293082198748        1.0173175808949573     
 -0.88144363631330869        1.6739293107744544       0.36882841309139280     
 -0.78328575350121898        1.8048946169216862       -1.9379025272470920     
  0.18841555182098002        1.2882690446060856      -0.10582427776263970     
   3.9958919181327079        9.6918897802673154E-002  0.79033623001219588     
 -0.54036042717066923        2.5541464098247735        1.8581019414034881     
   2.4653774772886941        4.3594868748467528        2.2976120772615971     
   1.1417122541159115       0.67807744383101554        3.2843419980562292     
  0.43608671918371789        3.1736539129017531      -0.20374675063006853     
  -1.4617866848104177        1.7520291324996853        1.4626087431160313     
   1.0393872913731199       0.13232837111527074       -1.2421002226308340     
   2.5975665128681831       0.48253394114433323        2.2338179442386936     
  0.50077291829317883        1.7816274725802668        2.3007307888521442     
  -2.0112045984514380       0.34679762677937598       0.33477613938322115     
  -1.4592980120740262      -0.46214829737866525       -2.2405189730453223     
  -1.1555641860139743        2.8749345310800880      -0.75083975867266783     
 -0.10345367165860120       -2.0896273849569074        9.9681067289279834E-002
   5.8693608956808339      -0.56796971187608358       0.33254486605014666     
   2.8246144929812900        2.4623214601935732        2.4064120076277646     
   1.2716827054730366       -2.1370209073472042      -0.72670143806940724     
   2.8224537848690741        3.6399238676776635       0.74025935691194356     
  0.82294993145392992       0.79567940468594589       -1.5355380213089171     
   2.6873323597087202       -1.3721220164030452        1.1874268171631037     
  -1.0497666566622641      -0.80520866078781683       -1.5951738722110904     
   5.6515896792233900E-002   3.8256087941419361        2.7667626509192980     
  0.54360123980317088       0.82208953548359176       0.22311105121435615     
   1.0944274721244742      -0.54273537457285315       -2.1402130945721094     
 -0.93725549853331191        2.0921937519377654E-002 -0.46797515294790371     
  -1.1224590510089534        3.6879505096418761        3.9621166283563971     
 -0.79746540048763537       -2.0944662274146948       0.17417517015942652     
 -0.17163172941369664       -2.4538972540922508        3.3220961570670013     
   3.7901037624808680        5.2296166515981568E-003   1.6891083418018793     
  0.82684692287060502        1.4407830276798217       0.28705731650996880     
   4.3807487585844340       0.80856791029781050        2.0856664659983037     
 -0.23390642393363148        4.8511268354060180      -0.33627931553893742     
  0.71032302110468049        3.6351754708732917       -1.4734173432858197     
  0.62080797074145400       -1.2959215533995625        3.6439066246054299     
   3.6799435268264791E-002   5.2668150585086968        1.6787633472576244     
   3.3487116084322803      -0.98405363471245977        1.5829073377611680     
 -0.66032795749043771        2.6294311105874133       -2.0569079975741968     
   2.9323122879495465        1.1262243508035752        3.4778669266322657     
   4.3399364549112862       0.92371653280381505       0.47244316849604040     
  0.47535565991956874        1.3954810610247836      -0.45252104957848394     
  0.13380944189573984       -2.3922020127554546        1.5984248295775503     
  -2.8552339107905667E-002 -0.58111824874152118      -0.81540723074851140     
   1.2784059802686363      -0.89736147591265203       0.75627127861463173     
  0.20206466779770027       0.19847806088283404        5.6046253883552639     
  0.67865514283501760       -1.4830875274385324        2.1157252675478473     
  0.87203851887833306      -0.28649153273695749        2.5208027990160105     
  -1.0277640887874235       -1.2427734263106349       0.36650839593257079     
  -2.2917976264703928       0.70246385313346549       -1.6965319989038783     
   1.9757552314495745       -1.5744150259759409       0.20025317723973490     
 -0.69055857902474260        1.4016087540437585       0.81446187292606353     
   7.0936694237603071E-002  0.93310026934578705        3.7366185671325542     
   3.2113715990495626      -0.30636696507525452        1.9296928534027602     
   3.0607393763693747       -1.2470017606078607        2.0692488582350563     
   3.7059877763933269E-002  0.79209549566931248        3.0868109196321729     
   4.0686325425711880        4.5014398448223858E-002   4.4633037231088659     
 -0.55235042798979528       0.79046747390781391        3.9284066522618222     
  0.43447583411791424       -1.4739299050301020        5.7552109829590075     
   1.9592798320939293       0.44627653983095517       -1.3831902278796195     
  -1.0354616114371924      -0.98710617551527013       -1.2395773624417328     
 -0.97249240359547451        1.4976168151454754        2.1113894977756225     
  -1.1799203823681927        1.8101969933532338       0.51460916341539154     
   3.7792975159149478E-002  -2.6104247630363484        1.6274060275287336     
   3.9968275819134442       0.72593450019507211      -0.69068412250540323     
  0.32563016296504221      -0.37406553665757736        2.4227535492546570     
   1.1463905730195929       -1.0480665459180560        1.7034721638835464     
 -0.73404282978308588        2.2702035866300454       -1.3197003594021357     
  0.35433671359876673        1.5082894022486339       -1.2409972636536892     
  -1.0433327624174074       0.61106852035599424        4.2568602290419042     
 -0.26123359394214640       -1.6441938475868454       -1.9640312450849702     
  -1.2988364966869275        5.2888272694089613       -1.8121018154056241     
  -1.9606305241998863       0.78535729448977598        1.3165490836253984     
   1.0921413657736032        1.9423380929948815       0.88408774306950200     
   2.0209371814389447        1.4969836955715596        2.8495841350567375E-002
   1.3430921793780977      -0.22365441502577710        1.2244583478785049     
 -0.60647906000630902      -0.70273938832015137      -0.66449835506525901     
 -0.59243445727690602      -0.78721562861125260       -1.4403729458843499     
   3.2443658048434649      -0.66927449655601068       0.16208699332370768     
  -5.1331411460573850E-002  -2.0598270252178530E-002  -1.8553897858362087     
   1.7013115401339132      -0.22102583822335697        2.0757081409805194     
   5.1016487635866890       -1.0632557628387058      -0.47849129629895648     
  -1.0124606806622880       -1.6535945426888328      -0.72504699960368990     
 -0.94640474694597576       -1.2086019278791769      -0.11408379240183297     
   4.9828869855616844      -0.11348595631102354       -1.7331768600928095     
 -0.37582346902727037       0.58638250982660223        4.3525242125339147E-002
  0.39960065474418061       0.43004719789601475        7.0083942405598529     
   3.3327619170771516        1.1158061421006513       0.43729427465542070     
 -0.78184367375668185       0.53044187318843683        6.1485426352050494     
   2.4989600902024414        1.4317328094848234      -0.87439018064697249     
  0.57901659620495805        5.7427344339334914       0.92847867247723226     
 -0.17939195118279327       0.77365023522566556       0.50129125070860336     
   1.8498216387753175        4.8654115957925024       0.61407197554400561     
   1.2205925692393258      -0.45405906425121856        3.5761887467155580     
 -0.27739549770115346        1.7365346614987542       -2.2993624683604663     
   3.1840588980685842        2.9933674613757830      -0.81698560307787371     
   2.9272625973390785       0.14530166952721402      -0.17430281701605965     
   3.4433631635711990        2.4230850051707860       -1.1252309429663603     
  -1.1614144961481658        1.0823186389231561       0.64761714167647799     
   1.7675796862541029       -2.7268637191652623E-002   6.9045132536779645     
 -0.36781727379004225      -0.68788368974647529       -1.5183407356480330     
 -0.95661023436885229        1.6801644080068607       0.16789337506545809     
   9.1333200055818686E-002  -1.0393977008398281E-003 -0.78668592542987303     
   6.2167340638885626E-003 -0.67097035255757165        1.7398254382164504     
  -1.4547306223814629       -1.0714637058862619      -0.48373985970743849     
   2.0845092654280446       -2.0953085025621370       -1.1093077650894196     
  -1.4618665589621216E-002  -1.0322102923034593        4.3007186954951502     
   4.0178800169800111        6.8293741464042768E-003 -0.97320009177187439     
  0.72557819913802568       -1.4337889934731487        2.9643888120137980     
  0.42400508119018943        1.4239318718776417       -1.7476547813790089     
  0.55978243559889407        3.4526731008386156        1.0143066296642456     
   1.6285612696770748       -1.0502542001600701       -2.6058329317340077     
   4.0077324056672836        3.5473696999657918       0.27139403126557360     
   1.4266122293317611        3.0546217801521731      -0.69495016498596884     
  -1.8186170189226658       0.22530084997419353        2.0338971213641575     
   1.9141605812238867       -1.6425827843853622        2.5154464752476926     
   2.4123581373833627        4.3347895586106828       0.41480405367318074     
  -1.3651866339631620       0.81173916102073029       -2.2263516551492386     
  -1.0704043129394327       0.36710832882474032       -9.5282779032801912E-002
  -1.0918570577678610       0.54637161389643518        3.5082236538825322     
  0.54071225730491790      -0.49302983516709453       0.47572035120399292     
   3.9380399230299652      -0.42709495382639551        1.6482544877346488     
  -1.4257636292520697       -4.1710784503892206E-003   6.0584676520715570     
   2.6943980681560333       0.74978388843036115        2.5841722294442659     
   2.2361736120725508       -4.6680535556189895E-002   1.0439851005320149     
   1.7679558809700691      -0.86046530217201900       -2.6671124040760663E-002
  -1.2311069787854840      -0.65352564715484540       0.73764141405239858     
   1.4089696617547842       -1.5663031814351398      -0.19908769977833618     
 -0.10584106120223247      -0.25176605467832269       0.57840963528299039     
  -1.7294588712386891        1.8393374523133934      -0.55264310155550644     
  0.38340498992091998        2.4337462865672679        1.6985088484863953     
  0.84124360527007846       0.84217412339541475        3.6982368624968549     
  0.70787775545090081        3.3021828392600749       0.45292586567633464     
   2.7290658581350673        1.9635871686944437        1.0711914219682530     
  -1.3651673419264456      -0.67019025879685357        1.7916898655210405     
  0.49149827164185966      -0.97734369779961616        4.1385837258548666     
   2.1706771474210083        3.8155523680526784       -1.0282339414245816     
  -1.7863510875148003        3.2083002510136476      -0.86088844144399301     
  0.66883067313728617      -0.22646388313502985       -1.9083698498073360     
   1.4408208143732519      -0.83027906534422957        2.9148317241786375     
   4.7819700691806881      -0.31790443873920937        1.3536503416324583     
   1.8464937624417708       -1.1073141017592656       -1.9900141694948350     
 -0.22114956465503566      -0.59846685563749213       0.85120815563013430     
   5.6547418102221476      -0.56518285518018452        1.7258673021953426     
  0.34553472184699485      -0.67520999256147451       -1.9675493038913803     
  -1.1391804238327308        1.2762454255550164      -0.76752993675785275     
  0.93556237277564236      -0.86315606036116277        1.1032913315099844     
  0.65250961007537045      -0.46917479407846718        5.2262787649711209     
 -0.57021967699818710        5.1548263810189345        2.3245077953077198     
  0.76556094523237661        6.9443840795197174      -0.53821589102687684     
 -0.35121647619574148      -0.44972897859389915       -2.5496073792784082     
  -2.0374924099818670       0.79791510818133737        2.4536585865711471     
  0.66339273028790391        5.2644832565065505       0.71488813101526549     
  0.47325041641291188       0.57867484429950666       -2.0794774541151391     
   1.1696157737213237       -1.9277551031812223      -0.56707982035118043     
   1.8206062606732036        1.1463117651420678       0.83456551888017128     
 -0.94571746813796076        1.9921595158940804        5.8934706940509249     
  0.76448300268085800      -0.69027767313534572       -1.9376901759497682     
 -0.40199070532822345       -2.3997005227090242        3.5005314658436522     
  -3.7139706951209828E-002   1.6312813587618598       0.98446651825672227     
   2.5147337417225346       -1.8109897646203961       -2.0016871520029507     
 -0.23862573841533496       0.65781479103902862        3.8109827236864282     
  -1.7684070818641329       0.96894783879212110        2.3229262535560089     
  0.42857005937816339      -0.26672067818542322        2.6302334444294528     
   1.7589489113281873      -0.25152580841143513       -1.0120160072692657     
   1.3109492347042977        4.0223478753097188       -2.3084365245431258     
  0.94548089115236511       -1.2915151542221728        3.4425690699412845     
  0.23946951548584705       -1.1007652711665701      -0.63832843473685497     
   2.1418186719981440       0.80836158115095369        3.6290832362832859     
 -0.75368453466478025       0.72822673222384937       -2.3087407890885450     
   1.1431085152732479        2.3030664495136319      -0.88275428622365348     
  0.11154402002064101      -0.75695873111673162        4.3905306165737477     
 -0.35516893221797519      -0.20994341925315485       0.29796963765453643     
 -0.74486807388547094      -0.21338035408298550       -2.3846294377918635     
   3.7478614365861302        1.7927042386971301        2.9408114791661539     
  0.73768636368203877        1.1009758813669981        3.8982305820853984     
   3.6169842595033437        3.8621007888688634      -0.35335933257294139     
   3.6595810765727412       -1.4105190227050599       -1.1996204548990193     
  -2.0841212627249530       0.32033944672835180        3.6230740115112550     
  -2.3393934925538789      -0.40358756321808853        1.0254661657519666     
   1.5202485410384883        1.7352712487775914        2.0477950383606514     
   3.3228964518013981        2.7945707415927723        2.0542860153295948     
   2.3794386882317351        4.4046842637150281        1.3319619845042920     
 -0.87767445463987892       0.39613290429146009       -2.2543027908372841     
  0.58605095509260741       -1.7593679079328735       0.86704575910367598     
   2.2605997420598651      -0.48553132521352493      -0.60843444314941353     
  -1.1286252682443729      -0.54486367385481227        4.4853597332294131     
   1.7821186474243591       0.27190579932376435        3.6455388771147099     
 -0.29926060981439129        3.6686827590374715      -0.14722010305139843     
  -1.2769810305920481       -2.1598160384348555       -3.0179674580126381E-002
   1.0664612533997344       -1.6359548138459272      -0.70848676783477726     
 -0.86335976339644915       0.66642973952695961       0.32844680295403172     
   1.6603473116716252      -0.84437445514387255        1.9187361603453184     
   2.1570015048938034        2.2318631088614156      -0.73079950116552261     
  0.50243926796454152        2.6776697345518210      -0.94490031962553589     
  0.35273306304673158        1.4407349784264438        3.5918868956057821     
   1.7311105023466924       -1.9091911328174660      -0.40919187665737367     
   4.0047927815726503       -1.8505823494035112      -0.29316566333749927     
  0.51154510929459418        2.8724896720111710       0.87886136561745687     
   1.5283126123858652      -0.99641359853717182        4.1478796416018939     
 -0.12370307569685624        9.4722764280651628E-002  0.93160055349012705     
  0.28992783751710105        2.2407380886029191       -1.7931264838074463     
  0.67453388149151650       0.48175102095694600       0.83003958376705977     
 -0.58485027534284528        3.4165315830186769        3.8093980125123696     
 -0.18326723905816245       -1.2023470456600855        6.3242459019176218     
  -1.1900028830570035       0.48048478180911358        4.6712935597703620E-003
   3.1283266155000362      -0.70109723442530614       0.99211116496038088     
  0.44287510460323531       0.20625356064999245        2.6911243865814809     
  -1.3545253721728649       -1.8143023366767790       -1.8050942225939368     
  0.93188965128579326        2.2496922082911626      -0.75548296241265955     
 -0.53121841327177410        2.8589341297053581        1.5179817209599875     
  0.57197741430812998        2.1057027280519405        1.1877532676649594     
 -0.75654940211713750       -1.5468545395239024       -1.6617856217014695     
 -0.66718868804764053      -0.63498146177777404        2.5985265432588882     
 -0.92736109520248444      -0.87063761175471699        4.3442443726018434     
   2.9018766885251317        4.2111418711101880        6.6487707037448551E-002
   1.8026164364353354        3.7296996579736437        1.2570748732629795     
  0.57533422869675110        2.2102126805748181        2.3118586307163840     
   1.6464281071808777       -1.8164278095320689        1.8956247325828484     
  0.69479052004354003       -6.5761742000422618E-002  -2.3003861917789084     
  0.28796004977204737       -2.3717641215099730        2.9240388960999182     
   5.4055972135552084      -0.38105528981067849        1.2037271562994700     
  0.21403296507552083      -0.84232812223532205        4.8334003401208596     
 -0.57308213294595545       0.26255597990182356       0.74002798908053080     
  0.83197619313252824       -1.0370350026279005        3.8395455578876607     
  0.58874219421451901       0.35076310339635963       0.43665088191875245     
  0.60355847841257049        1.8268361671552187        6.3629128545646525     
  -1.0762377425414975        1.0287437214071691        3.5661131530708934     
   2.7017603916678583      -0.56147175696343510      -0.62482669553387593     
   1.0420278888986512       0.56909891074402408       -2.6049803571223640     
  0.83359672421668973        3.4958298096516787        4.2560837205666155     
  0.80797689945755957        1.3211545189030263        7.0094750135805617     
   2.0877334470642417       0.82840659908940673       -1.3452237175715234     
   3.2075590102935214        1.0179354658238857        1.2495950365214226     
   3.4024857492741338        1.1830892289625909       0.98245076564331946     
