   8.7837563162730995E-004
   9.2596550136696384E-004
   1.0352178437501827E-003
   1.0430994760289138E-003
   1.0854480621481392E-003
   1.3109079574149189E-003
   1.3745650864525707E-003
   1.4981396988775226E-003
   1.5587322572829267E-003
   1.6363074226586004E-003
   1.7098188539886978E-003
   1.7787753325922231E-003
   1.8679921217504274E-003
   1.9189517319240861E-003
   2.0566247829525552E-003
   2.0864936001077430E-003
   2.2042172150856282E-003
   2.3586159637374450E-003
   2.5900837738721746E-003
   2.7172071980391291E-003
   2.7408233159376427E-003
   2.7529319174515658E-003
   2.9573541036200910E-003
   3.1004007234232359E-003
   3.1112092072387494E-003
   3.2073013447804898E-003
   3.2984235246132604E-003
   3.4856643675041832E-003
   3.6179054126639250E-003
   3.7911035786360428E-003
   3.9206253112631330E-003
   4.2683938749687751E-003
   4.3113865886359043E-003
   4.4094618586186475E-003
   4.5470206054666158E-003
   4.6156754677420270E-003
   4.7709408063820718E-003
   4.8242364346739808E-003
   4.9224556115827680E-003
   4.9888344901749216E-003
   5.2066148928843203E-003
   5.3695015214737692E-003
   5.5511553646234559E-003
   5.5855752961730207E-003
   5.9364036737999878E-003
   6.0484831401875919E-003
   6.2509377382001996E-003
   6.4294540349133962E-003
   6.5873341813271064E-003
   6.8289170940519315E-003
   7.1311406257525169E-003
   7.2270079514004815E-003
   7.3474248118572021E-003
   7.5626669111440725E-003
   7.8162041783879400E-003
   7.9155022131407789E-003
   8.3377624982760648E-003
   8.4831544793865891E-003
   8.5383159865521918E-003
   8.8437766676167599E-003
   8.9349176663850571E-003
   8.9998024128857632E-003
   9.4216756433478897E-003
   9.5622206724991013E-003
   9.6912488801073476E-003
   9.9898489269059070E-003
   1.0243136539505928E-002
   1.0947678694571942E-002
   1.1013661864171662E-002
   1.1376533254022042E-002
   1.1835026821288709E-002
   1.2068174123646528E-002
   1.2505862405643988E-002
   1.2690133483685128E-002
   1.2895842585166462E-002
   1.3225316655381921E-002
   1.3422698424746655E-002
   1.4108183151447245E-002
   1.4283688513597733E-002
   1.4651543595276236E-002
   1.4813317709929382E-002
   1.5223683958622112E-002
   1.5361746707101073E-002
   1.5978548803098066E-002
   1.6223447256542935E-002
   1.6992676774139768E-002
   1.7178617525563475E-002
   1.7772535155951685E-002
   1.7960110925293097E-002
   1.8279947420214208E-002
   1.8880073827680501E-002
   1.9205675058225059E-002
   1.9889287858516094E-002
   2.0157288174337887E-002
   2.0785910582923547E-002
   2.1503053595869837E-002
   2.2076768215288967E-002
   2.3081634448422112E-002
   2.4242879101942626E-002
   2.5204723868888723E-002
   2.5391348357677059E-002
   2.5808608978071874E-002
   2.6553440462529644E-002
   2.6763870655212303E-002
   2.7069955862501518E-002
   2.7532056994472198E-002
   2.8305925198890976E-002
   2.8470308950726397E-002
   2.9353002308768784E-002
   3.0301674757839396E-002
   3.0651360322238714E-002
   3.1546737118660802E-002
   3.2222116271120267E-002
   3.3379048250267981E-002
   3.4711261956542533E-002
   3.5017664169710319E-002
   3.6367699160832441E-002
   3.8370499067275146E-002
   3.9595914925714716E-002
   4.0590948597505630E-002
   4.1744756383585782E-002
   4.2452851037242556E-002
   4.4269496544925541E-002
   4.4691534654876568E-002
   4.5062449356477401E-002
   4.5373524849921687E-002
   4.7610331845817838E-002
   4.7862843512140506E-002
   4.8877546012702937E-002
   4.9673401711220498E-002
   5.0833249266848117E-002
   5.2298355484678705E-002
   5.3779561870647821E-002
   5.5010128813463934E-002
   5.5567637057912858E-002
   5.9705122842989476E-002
   6.0638999994173215E-002
   6.4385429331505331E-002
   6.6798764118332007E-002
   6.7502736441137648E-002
   6.8983807432068084E-002
   7.0530521889160397E-002
   7.1919634068419780E-002
   7.3329790190380245E-002
   7.4407130774363936E-002
   7.5614491955610888E-002
   7.6890498740870478E-002
   7.7467462731390144E-002
   7.7794215729428157E-002
   8.0506983184468237E-002
   8.1760873225048894E-002
   8.3165944765703714E-002
   8.9234109535655470E-002
   9.3431074484700991E-002
   9.7503445474512007E-002
   9.9337090130377809E-002
  0.10305804139419991     
  0.10405299351755305     
  0.10860830551072387     
  0.11135632331767428     
  0.11301590580810066     
  0.11349050072374077     
  0.11524733199761059     
  0.11581236636788755     
  0.11811872343111038     
  0.12014582956738219     
  0.12044599489894002     
  0.12223180544250190     
  0.12388707598096792     
  0.14022450075500525     
  0.14494946003442261     
  0.14554184058971606     
  0.14781762913737326     
  0.15408323231973378     
  0.15660814028543746     
  0.16391701676135717     
  0.16752306959338087     
  0.17126438492884033     
  0.17291022857432703     
  0.17528451943148310     
  0.17746539097871492     
  0.17957073526307665     
  0.18097133232290169     
  0.18268868229780238     
  0.18573055937429311     
  0.20618555862313812     
  0.21261902283167711     
  0.21728222172754277     
  0.22075964453229982     
  0.22235895816325202     
  0.22941922946239313     
  0.23390718841451505     
  0.24155952974054193     
  0.24599521827829768     
  0.24930894727421390     
  0.25412486606250911     
  0.26929618128124899     
  0.27040547650156138     
  0.27198717399785244     
  0.27650529248086642     
  0.29548928887422221     
  0.29899765356358604     
  0.30864710877533091     
  0.31839755295467370     
  0.32140579096059502     
  0.32923792394058737     
  0.33252013023951754     
  0.34422161068754831     
  0.34710622229043681     
  0.35698714644339541     
  0.38293496551409156     
  0.38714577775535480     
  0.40049341845253167     
  0.40147148628297286     
  0.40655427564497576     
  0.40719314467011541     
  0.41191490955368071     
  0.44808899260394097     
  0.44889359585122701     
  0.47331515914166389     
  0.47727529545927760     
  0.48134784707693612     
  0.48447434620911650     
  0.51565612544977957     
  0.53343935849577118     
  0.53729340642483936     
  0.54942495994354945     
  0.56081888461750207     
  0.58140724342868788     
  0.59643271532689512     
  0.61366280730497136     
  0.61836004243926046     
  0.64104310105562634     
  0.66745408948266471     
  0.67002023688183932     
  0.68670028557492691     
  0.69608228703109498     
  0.70225584833234955     
  0.75573633305475540     
  0.76524206153024943     
  0.81963082154438527     
  0.82540019825884192     
  0.82808345596703015     
  0.83612431470666393     
  0.89119822468307297     
  0.89971876996616418     
  0.91010806030461555     
  0.91927429880549527     
  0.93651458905445517     
   1.0094298799476686     
   1.0235994389093481     
   1.0691401013996913     
   1.1105813017536359     
   1.1227732136071340     
   1.1315103411273404     
   1.1361553288965873     
   1.1447866605390395     
   1.2357707172761812     
   1.2419942157914317     
   1.3354492792039956     
   1.3384139490938416     
   1.4128961295395777     
   1.4287943052372420     
   1.4429242809747411     
   1.4700380195790490     
   1.4821262635590939     
   1.5988929908039460     
   1.6090042830474547     
   1.6835307387476111     
   1.7373145249717041     
   1.7617513726624900     
   1.7856026767616324     
   1.8723060843936365     
   1.8909482468043071     
   1.9865801425846821     
   2.0344145851993538     
   2.1100147051051281     
   2.1244590278878284     
   2.1537179385265208     
   2.3353078150597888     
   2.3441386938335307     
   2.4344509601608464     
   2.4796374669558623     
   2.5257527424127670     
   2.5517018947434815     
   2.7936794923426169     
   2.8000570823842628     
   2.9152217506479543     
   2.9392458373894677     
   2.9655318199360088     
   3.2420211787195590     
   3.2433666421206899     
   3.3138378715760162     
   3.3802148369942557     
   3.6577285917256277     
   3.6674634286283947     
   3.7162354366273753     
   3.9854355509349002     
   4.0200382449767735     
   4.1981059448981570     
