  0.85737662423417671       -1.8646244112936665        1.0499750192098865     
   3.4267743734939793        1.0817167507347336        4.2485919537307062     
  -2.0331958436831012       0.71342410548118362        2.2494563696551935     
  0.53620190557670133        3.6597652675095840      -0.94916056486562539     
   1.8209007802066028      -0.75974647553301633        7.0473817714364220     
   1.1785513428916521        5.8695211390308852        1.4498021360249891     
 -0.10614753173824942        1.4500093959882840        3.0491106032853978     
   2.4632502175215536       -1.4963317660401165      -0.14950633123542056     
   4.9523542871169877       0.25305829891424603        2.7492402656740711     
   1.0982576632272836        1.7262288799284460        7.5471656674552996     
   3.6676554124870857       -1.2201122820999539       -2.0486851361071565     
 -0.82879064871756869       0.98964358942134600       -2.8483393697373613     
   1.7406071005422334        3.9359847514497468       0.35027756478345706     
  0.45590822591233238      -0.48352699159285395        5.1482029665646856     
   3.0253059751721350        2.4628141704355468        1.9495860320438667     
  -1.7923148046899948        2.0945215251819964        3.9487216161193790     
   5.9158784430894134      -0.85181963684640394       0.75010468159855970     
   2.0617818191997093       -2.3249902178606039      -0.84920378566184951     
 -0.50761593006009331        6.5140332682245976        2.3494131488589693     
  -1.1499653673750441       -1.5884049273535041        6.3476843170099926     
   3.9888301311445606        4.3042773967032968       -4.9549552031645128E-002
  0.13473350725485700      -0.11523434633930396        1.5497589152287641     
  -2.5853852073880468E-002   3.0152531383158716        4.1486351745269303     
   1.2588450225560206       -1.4042586047267289        2.5493267072665202     
 -0.66820328938883122       -2.1408438952338291        3.3489809408967246     
   7.0399899583905778       0.80549726679457168       0.15036400637590619     
  0.61649558524107029        2.2786678478087716       -1.4489444608845035     
  0.29532086658359491        7.8030575266120223      -0.24946311043919600     
   1.5800197412134964       0.43720462154102124        4.5484622913420321     
  -1.6317274453612571        1.1737899120481212       0.55019112319100882     
  0.93767030389854567        4.1201310740765216       -2.6484258113298100     
   2.2223691785284472      -0.29938066896607873       -1.0491173440694008     
 -0.34201021575233259        4.1028673563302611        3.6675931746087600     
   3.5120864081373715      -0.31664438671233919        5.2669016418691701     
  -1.6267090903822341        5.5760379373444628       -1.1303322271724685     
 -0.98435965306728335       -1.0532296772194392        2.8679389409785547     
  0.30033922156261772       0.41994090379476123       -1.9299864608026733     
  -2.2690585276971849        3.3662820658231616        1.2686304737181460     
  0.62151394022009310        6.6809158731051124        6.9149123272838509E-002
   1.9062128148499942        2.2614041300625112        4.8670745250540666     
   4.4756105641097967      -0.68493703196588918        1.6684575905332477     
  -1.3055343717247587        5.1648258541210801E-002  0.86880335690304333     
   1.2638633775350443        2.9979894205696112       -2.3298135776177755     
   2.5485622521649449        1.5248188395554112      -0.73050511035736632     
  -2.4296458870259223       -1.6056686450997641       0.26906268168038983     
   1.4244507368637813      -0.13249806408556397        8.2656050179824376     
  -1.1449470123960210        2.8138430979428359        5.0669880834616183     
 -0.50259757508107050        2.0772578074357360       -2.1299000192102246     
   2.0668001741787321        5.0235989694641372        1.0687169153105942     
   3.3514990488086336       0.60408722642153601        2.6680253825710039     
  -2.1084711683684469       0.97237987167508644        3.8675067330163109     
   1.7456254555212571      -0.50079070933911396      -0.93041866876491719     
   3.6726737674661085        3.1821357431963864      -0.13076443513471281     
 -0.18142285642359512        1.7089651621821864        1.4685440321256968     
   2.3879748928362079       -1.2373759998462139        4.6671609666465166     
   2.4682685725005764        2.9059162592562235       -2.0299432400064488     
   5.0376663217603781       -4.0424902772176363E-002   1.1686736945143701     
  -1.3858280513891275        4.3790868402704248      -0.43063477274603956     
 -0.74347861407417692       0.69616038773492361        8.3655617971862135     
  0.54122026055572459      -0.77701019327927678       0.36901946088416571     
   3.1106180098155272        2.1693309687491236        3.5676363954049841     
  -1.7070027700466028        2.5376236140026740        2.3681550449596771     
  0.86239497921319952        5.4839647760310744      -0.83046188956114175     
  -1.0646533327316523       -1.1453028385328268       -1.6301161231913466     
  0.22004554189824921       0.32786774248137363        3.1678092785898815     
   2.7894432911580513       -2.6184734195470267       -3.0807655930936928E-002
  -2.5099395666902913      -0.22457122539895158      -0.63054833115359044     
   5.9458182569511298E-002   2.7217699366294492        2.5680686033672280     
   1.3441570571994128       -1.6977418064131518        4.1673770706276372     
   3.9135548064592149        1.2485993556152484       0.96876013610681921     
 -0.58289125474543946       -2.4343270969202520        1.7684143697370236     
  0.70180761988446205        1.9851846461223484        6.5663397715182530     
   1.6653317758568877       0.88030671036169883      -0.23072121433848825     
  -1.5464154107178651        1.6168920008687988        5.3668584210729460     
   2.3076812131718385       0.14372141985459841        6.9661668883333547     
 -0.22156969625577938        8.0159767121492305       0.91878174650493127     
   1.0631291783741217       0.65012380707822981        5.7167071482861598     
 -0.86391913357073014        1.3867090975853302       0.11912751287472645     
   2.9901774903189735       -8.6461483428870167E-002  -1.4801809543856832     
  -1.8274432895431560       0.28183116182467982        6.1165342651012615     
  0.74195445971664631        3.2281723238530797        2.9179173305804427     
   2.0266533343465478       -1.1913394191895206        1.3186088633200330     
  -1.1850938522282055       -1.9279247096966206        3.7175715642106479     
   6.5230993955512027        1.0184164523317798       0.51895462968982864     
   9.9605022401695997E-002   2.4915870333459798       -1.0803538375705806     
  -2.3092053675293691        1.9391480654656550        3.1178308889879935     
   5.3989878802500400       -1.0071930965627454       -8.0786045532824868E-002
   1.5448912563603350       -2.4803636775769453       -1.6800945127932343     
  -1.0245064928994678        6.3586598085082553        1.5185224217275848     
 -0.38215705558451729       -1.7437783870698456        7.1161020571390186     
  0.90254181904538422      -0.27060780605564538        2.3181766553577892     
  -1.6668559302144184        2.6757333559727550      -0.88044027916302969     
  0.58136710038790884        5.9903671632547066       -2.0799216296083367     
   4.4354637242776125       -1.3754857418162953      -0.48061316234792706     
  -1.3456812115569432       0.83427012970500458       -2.8795758632385415     
   1.2237165377028592        3.7806112917334054       0.31904107128227732     
  -6.0982336927041914E-002 -0.63890045130919537        5.1169664730635063     
   2.5084154123327607        2.3074407107192054        1.9183495385426865     
  -2.7106737658512134       0.55805064576484220        1.6184792009313598     
 -0.14127601659141087        3.5043918077932426       -1.5801377335894586     
   1.1434228580384906      -0.91511993524935775        6.4164046027125892     
   1.7857722953534414        5.7141476793145429        2.4181334345615650     
  0.50107342072353989        1.2946359362719426        4.0174419018219751     
   3.0704711699833429       -1.6517052257564580       0.81882496730115539     
  -1.7471496098787873       -1.2834125805029080        5.2169232522672822     
   3.3916458886408178        4.6092697435538934       -1.1803106167743564     
   2.1069470140109163       0.18975800051129221       -2.7796190840347657     
 -0.46245073524888580        3.1360991625396930       0.41899785048605276     
  0.17989870206606451       -2.0199978710100082      -0.38065638314415162     
   2.7492964513258671       0.92634329101839219        2.8179605513766668     
   2.5887090919971292        3.6885381304200178        2.2182198761540133     
   5.1581068412569326       0.74219696839161697      -0.98039705836680513     
   1.3040102173672286        2.2153675494058178       0.61891140889360452     
   3.8734079666270307      -0.73097361262258298        3.8175283434144229     
 -0.62303809457762371        5.6116778845174409E-003   4.6171825770446286     
  -2.2289116878650002        1.8470749041522674       -1.3802241751819073     
  0.34048606139480242        4.7934160661806686        1.8183927593389115     
   4.1945826852845070       0.37390432313806743       0.21908429207850189     
  -1.5865622505500496      -0.36268096736903299        2.6180469929691159     
 -0.30186337592014834        1.1104896136451674        7.4159723947503444     
   2.2675343733396542       -1.8358515483832329       -2.1798784088121121     
 -0.28178995600405621        7.0261902280303161       -1.0053862531677491     
   3.5723066678856479      -0.33966267704068587       -2.6046947204281583     
 -0.92413939331900696       0.39692261346641411       -1.8050404867979537     
   1.6452583559407956        3.3432637754948149        1.3935764477228649     
  0.36055948131089455       -1.0762479675477858        2.9928849149832746     
   2.9299572305706971        1.8700931944806141      -0.20573201953754428     
  -1.8876635492914327        1.5018005492270645        4.9920204990587873     
 -0.60296467466153159        5.9213122922696648       0.19409509727755792     
   3.9384762653419170E-002  0.76521525871996454       0.99374933090776230     
  0.19997212198215664        3.8957027433751397        4.7921069406512355     
   1.4846709966120577      -0.52380899966746108       -5.8184611299929578E-003
   4.0540687458718612        2.4225321623609397        3.1927984733908255     
   4.6964181831868110        3.1591174528680397      -0.80547269476019778     
  0.84232155929710739        1.6859468718538397       -2.4047811620206074     
  -1.7270761899626952        4.6322880338822401       0.79383577250021142     
  -2.0482509086201706       -1.6286869354281110       -1.2052998115753004     
   1.8058457152695335      -0.15551635441391110        3.5926255902059281     
  -1.4059014713052198        2.0542395171073893        1.1936628893153141     
   1.1634962779545828        5.0005806791357905       -2.0049540452055048     
  -4.0908917010949786E-002   5.2768001630759525      -0.10577524033376884     
   1.2437899576189513       -2.0890527419950486        4.6921501614474597     
   3.8131877068787543       0.85728842003335215        1.4935332269266408     
 -0.68325835432590010       -1.3524674514879484       0.69387899329643554     
  0.60144052030400097       0.12070312952625173        8.6904213295984842     
   3.4920129882212785        2.6987516463011016        1.0937061101115382     
   2.2073141135913779        1.2255810652869017        2.6930145773719478     
 -0.36208363566842516        4.1719222273153029      -0.50560235714887103     
  -1.0044330729833757       0.48899577477980172        3.4926688110021522     
  0.28026580164652559      -0.98417480623439868       -1.3052565907790759     
   5.2584739408373942        2.5146053236743273       0.89379255170398730     
   1.4043773169476892        1.0414347426601265      -0.70551591555642235     
  -1.1650204323121132        3.9877759046885273        2.4931010189643970     
 -0.52267099499716263        1.7780200331672265        6.4913721871154202     
  0.76202787963273888       -2.6414917098753739        1.6934467853341917     
   3.3314256288925415       0.30484945215302650        4.8920637198550114     
  -2.1285445882845391       -6.3443193100523487E-002 -0.30568879874132016     
   4.2949497848649667        1.4097273879136769       -1.9049972660017294     
   1.0832025982902143        6.5658244214633772       0.49396543488888467     
 -0.20149627633968725        2.1463126784207769        5.2918908366701132     
   2.3679014729201149      -0.80002848360762346        2.0932739021492943     
   2.3277546330879306        6.0594220342397467      -0.65553752595453441     
   1.0430557584580296       -1.3064308708312549       -2.2548459932149436     
  0.40070632114307880        2.3764955817042455       0.14411670767567042     
   2.9701040704028814      -0.56984558032415489        3.3427336421964893     
  -1.8475167094592484      -0.93813822557770488        1.3435980581209770     
   2.0065799144304557       0.53503235543649552        6.1415234599022064     
 -0.56281783482934689        3.4813735174648959        2.9429065253813866     
  -1.2051672721442976        1.2716176459435959       -1.0553646427696370     
   1.3642304771155049        4.2179588079719963        2.1432522917511823     
   2.6489293517454064      -0.20155293507060446       0.54394382449077261     
  0.24011896181434134        6.2435683568665219        1.1436844997134261     
   1.5248178364442428        1.8240566138239207        2.7429929669738358     
   4.0942155857040454       -1.1222845482044796      -0.45562396754698353     
 -0.40223047550060942        1.0874713233168207        1.9433387333436305     
   2.1671672737591936        4.0338124853452211       -1.2552782011771879     
  0.88246839912929209      -0.38569925769737967        6.7412641351248599     
   5.7000891789914228      -0.75399190295092966      -0.85545108436208572     
   1.8459925551017178       -2.2271624839651301       0.74385738289832348     
   4.4153903043615212       0.71917867806327029        3.9424743174191428     
  -1.3657546314730353       -1.4905771934580299        4.7421285510493476     
  -8.1055756843134041E-002  -1.7406612443829683E-002  -3.2544137852526998     
   2.4080483127523000        4.6783246145389334       0.24407348687944586     
   1.1233494381223985       0.25881287149633270        1.8433819541398555     
  -1.4460483111374041        3.2051540335247330       -1.3552349803809638     
 -0.80369887382245331        2.4685687430176331        4.2423446550304700     
   6.9044943739569540      -0.47777241901076728        1.0437277205096502     
  0.48100000080744776       -1.9509430000249675      -0.55558074675075897     
  -1.7672230297948794       0.62710551674988313       -2.5547163308262708     
  0.80217471946492314        3.5734466787782835       0.64390060369454849     
   2.0868735940948242      -0.84606506426431727        5.4418260054757770     
   4.6562713433546268        2.1002760977640835        2.2432090709549573     
  0.15982528214997238        1.3636908072569827        7.8407887063663910     
   2.7292230314097750       -1.5826503547714172       -1.7550620971960660     
  -2.5701598264385677        1.5478371298837579       0.44398704528699673     
   3.8533345467109386        7.4666548869557925E-002  -1.1553214219734125     
  0.64158736013618523       0.81125183937665790        4.4422582134380217     
   3.2109851093959878       -2.1350893226517424        1.2436412789172020     
   5.4592081399983154       0.44295919412310791        4.4159928471894538E-002
   1.6051115161086114        1.9161297751373083       -1.5551485387885147     
 -0.96428623315119122        4.8624709371657087        1.6434683957323037     
  0.96276207879366060        2.6527150656444083        4.0424310966229182     
 -0.32193679583624046       -1.7667966773981922        2.4431226293625090     
   2.2474609534235621        1.1795444846302083        5.6417395638833288     
   4.8068219927253182        1.1450170491376874       0.25656808427991784     
  0.95272536883561454      -0.32815353187651253       -1.3427403829804918     
  -1.6166723804241880        2.6181876301518883        1.8558765515403270     
  0.31037593152066378       -2.5379094033978129        2.6555307851705323     
   2.8797736807804664       0.40843175863058745        5.8541477196913512     
  -1.9378470990816634       0.77672440388413788       0.65639520109502003     
  0.63155065017813916        3.7230655659125378       -2.5422217334257988     
   4.4856472740678424        2.2498949848983378      -0.94291326616538917     
   1.2739000874930899        5.9328214374338391      -0.14325903253518479     
  -1.0798787136811150E-002   1.5133096943912379        4.6546663692460442     
   2.5585989621229914       -1.4330314676371627        1.4560494347252244     
  0.14978857219192632        4.2755045337928639       0.45648164268746916     
   4.0038851960816295      -0.14400720924973731        2.0557901099478779     
 -0.49256086512302444      -0.88059249975683773      -0.34317259094273567     
  0.79213800950687707       0.59257808125736267        7.6533697453593117     
   3.0403610401092043        3.9072118885393130        5.6654525872366523E-002
   1.7556621654793028        2.4340413075251131        1.6559629931327762     
 -0.81373558378049982        5.3803824695535134       -1.5426539413880427     
  -1.4560850210954503       0.22428543600381268        4.0549256940233906     
 -0.17138614646554906       -1.2488851450103877      -0.74299970775783830     
  -9.1092466801180105E-002   2.8944071140920502        5.7541909404875753     
   1.1936064078287214       -1.5251046289505501       0.95626553870634678     
   3.7630041570885235        1.4212365330778503        4.1548824732271665     
 -0.73344190411613086       -2.2616899194576501        4.9545367068573700     
  0.55125697051377065        2.1578218235849502       -3.0420056294446765     
  -1.6969660600885568      -0.42022669318990014       -1.8425242789993697     
   2.1571305638011471        1.0529438878242998        2.9554011227818591     
   4.7265283130609497       -1.8933972742041001      -0.24321581173896023     
  -1.0546166227736060        1.7895291783314007        2.1557468891516538     
   1.5147811264861963        4.7358703403598010       -1.0428700453691651     
   2.7994800011160978       0.31635859731720029       -2.6421785126295743     
   6.9494892527557361E-002   5.6566019534936753       -2.0424378374069208     
   1.3541937671574584        1.2370902104510750        5.9541044988951271     
  -1.2152039821023437        4.1834313724794754        2.7554875643743073     
 -0.57285454478739295       0.50050491994397506       -1.2427836037767159     
   1.9965432044724092        3.4468460819723759        1.9558333307441029     
  0.71184432984250812      -0.97266566107022490        3.5551417980045126     
   3.2812420791023107        1.9736755009581750       0.35652486348369328     
   5.5294651097046383      -0.60437301581667491        2.3556604475592056     
   1.6753684858149342       -2.0775435968308749       -2.4422649542220229     
 -0.89402926344486833        6.7614798892543266       0.75635198029879591     
 -0.25167982612991802       0.13221227469042507       -4.3302253331408913E-002
   4.9272625122218709      -0.83455591910014393        3.1053362915875220     
   3.6425636375919708       0.63861466191405647       -1.6925891101937063     
 -0.85388242361268407       -1.5711412096072439       -2.4922433438239109     
  0.43081645101721744       -9.7970628593043507E-002   5.5042989924781374     
   3.3213889189344949        3.2166631786889064       -2.0924162270088087     
   5.8907866681942984       0.27032201666050648        1.1062007075120106     
   2.0366900443045934        1.7434925976747064      -0.49310775974839904     
 -0.53270770495520869        4.6898337597031077        2.7055091747724194     
  -1.1750571422701594        1.0069073071676065        6.7037803429234444     
   1.3943406069896436        3.9532484691960064        3.5051634084026246     
  0.10964173235974206      -0.46626327384659394        1.9058549411422150     
   2.8396268409482821        4.8739800823298829       0.90628714910445884     
   1.5549279663183806       0.45446833928728125        2.5055956163648685     
  -1.0144697829414218        3.4008095013156816      -0.69302131815595036     
 -0.37212034562647123        1.1910536297943817        3.3052498499950729     
  0.59140381034595491        3.0325168560621321      -0.29319420134084817     
   1.8761026849758564       -1.3869948869804689        4.5047312004403803     
   4.4455004342356581        1.5593462750479312        1.3061142659195615     
  -1.3356445015988971       -2.1235801774875691       0.50646003228935710     
   2.5184521222908072      -0.65040959647336871       -1.0928484349710526     
 -0.13123930663336436        6.4392238246574696        2.2057252787535417     
   1.1534595679965371        2.0197120816148693        3.8050337460139514     
   3.7228573172563393      -0.92662908041353109       0.60641681149313209     
 -0.77358874394831512      -0.19004378990643112        1.4060710451233374     
   1.7958090053114870        2.7562973721219692       -1.7925458893974819     
  0.51111013068158595       -1.6632143709206313        6.2039964469045650     
   2.1169837239689628       -2.7680923066812815       0.20658969467802990     
   4.6863814732287654       0.17824885534711887        3.4052066291988488     
  -1.0947634626057905      -0.55833643515998110        5.8041693300894632     
  0.18993541202411057       0.91483414585421885       -2.1923730062125841     
   1.3140469273252742      -0.74248275778675632       -3.1919407982503403     
   7.0951918631598314       -5.8974672796563432E-003 -0.79297809735972580     
  0.67169749001032386        1.4672731137345436       0.80633036990068385     
   3.2410952392701264       -1.4790680482938563        4.0049473044215027     
  -2.2188749779069541       -1.1107754030403063        2.0058117203459909     
   1.6352216459827500       0.36239517797389365        6.8037371221272185     
 -0.93417610327705281        3.3087363400022940        3.6051201876063996     
  -1.5765255405920036        2.5721510494951940       -1.9924594478050330     
  0.99287220866779924        5.5184922115235953        1.2061574867157856     
 -0.29182666596210227       -1.8473606935474065        2.8054659539761952     
   2.2775710832977007        1.0989804684809941      -0.39315098054462361     
 -0.31190008587819440        4.0683399208377420        1.6309737983318322     
  0.97279878875170667      -0.35117182220485921        3.2302822655922419     
   3.5421965380115092        2.5951693398235407        3.1665331071422553E-002
 -0.95424952319314515       -2.5609276937261596        2.4306280319620366     
   1.6151482260666579        6.2780957923590410      -0.76798890255878183     
  0.33044935143675636        1.8585840493164407        7.2285534337432651     
   2.8998471006965585       -1.0877571127119596       -2.3672973698191915     
   3.2210218193540343        4.4366325660912906        2.0308009151469348     
   5.7904195686138369        1.4902914040628912       -1.1678160193738845     
   1.9363229447241328        1.7120823048690781E-002  0.43149244788652519     
 -0.63307480453566978        2.9634619850770911       -2.7671244866342937     
  -1.2754242418506203        2.2268766945699912        4.4297636160375493     
   6.4327690059287885      -0.71946446745840920        1.2311466815167296     
   2.5786723820390836       0.75370611355579120        6.0290720832979581     
   2.7392597413678215        3.8841935982109663      -0.96790246096633314     
   5.3086574906276240       0.93785243618256553        2.2307144735544857     
   1.4545608667379200        2.4110230171967664       -2.5672109282267428     
  -1.1148368825218828        5.3573641792251667       0.63140600629407606     
 -0.47248744520693231       0.20126714567546555        7.8282941089659186     
   2.0969103040528707        3.1476083077038663        4.6296771744451011     
  0.81221142942296920       -1.2719034353387344      -0.16824822733612832     
   3.3816091786827713        1.6744377266896655        3.0303687071846901     
  -2.0783610384943088        1.3061450814361160        1.8308873567393831     
  0.49103671076549382        4.2524862434645154       -1.3677295777814358     
  -1.4360116011793580      -0.90361079008518441      -0.56807534415123095     
 -0.15131272654945693       0.56955979092901554        4.2298500576299976     
   2.4180850227103456       -2.3767813710993844        1.0312331231091787     
  -2.6404167961448906      -0.62739130614502203       0.93127634390540281     
   3.7830775770046157       -2.1005618871592220      -0.66803212335500639     
 -0.71336848420003873        1.5823645653762788       -3.0669948242456204     
   1.8560292650597643        4.5287057274046791       0.13162211027519843     
   3.1407281396896649       0.10919398436207839        1.7309305775356081     
  -1.6768926401724646      -0.25909866089147204        2.9304119279809151     
  0.89250510908733816        2.6872425011369283        6.1290288625017340     
   2.1772039837172392       -1.7322692419056720       -1.8675134738003136     
 -0.39219376554256336        7.1067542441795286        1.3311034607205054     
   4.1042522956620910        3.4238277916440283       0.53144922709030018     
  0.25015567177238740        1.9506572106298283        2.1307576943507098     
   2.8195534210321900      -0.99568395139857202        5.3293746288715287     
   8.9568312443649489E-002   5.4494373405385534        3.1303254863884660     
   1.3742671870735506       -1.9164155645324470        1.5310170191280563     
   3.9436649363333536        1.0299255974959531        4.7296339536488752     
 -0.55278112487130082       -1.1798302740253468        3.9299797200186704     
  0.73191774975860024       0.29334030698885316      -0.86794568176255771     
  -1.8374799995012023        3.2396814690172540        2.3306712527582616     
  0.41074303110112487        5.8177299857921039        1.1311899023129546     
   1.6954419057310264        1.3982182427495036        5.9291153040941822     
   4.2648396549908281       -1.5481229192788970        2.7304983695733633     
  -1.5163052808437270       0.66163295224240315       0.33153566868274931     
 -0.23160640621382544      -0.81153762877179680        8.3280780049847962     
   2.3377913430459771        2.1348035332566035       -1.2677727985776599     
   2.2976445032137929        3.1015717270471721        1.1811682919148416     
   4.8670422524735955       0.15523056501877175       -2.0174486426059772     
   1.0129456285838914        1.6284011460329721      -0.41814017534556758     
   3.5823433778436935       -1.3179400159954282        2.7804767591752513     
 -0.91410268336096046       0.89181585552587217        5.1794394600658666     
  0.37059619126894061      -0.58135472548832823       -2.8171028762361816     
  -1.8776268393333866        1.9966937912865226      -0.81796729216066977     
  0.69177090992641599        4.9430349533149229        2.3806496423601486     
   4.5458675338161196       0.52352321027232218       0.78134117509973988     
  -1.2352774020184361       -1.6862326612489782        1.5809954087299443     
   4.9421472611465234E-002 -0.21306208023477824        6.3789208105111737     
  -2.3593889173195999       0.33937688764554697        2.5805632007677004     
  0.21000883194020314        3.2857180496739473      -0.61805373375311845     
   1.4947077065701042       -1.1337936933686530        7.3784886025489289     
   4.0641054558299068        1.8125474686597474       -2.2173622010135281     
 -0.43234060537474761       -1.8703789838757532       -1.4177079673833233     
  0.85235826925515346        2.5491327591668473        3.3802174343979048     
   3.4217560185149565      -0.39720840286155301       0.18160049987708593     
  -2.0382141986621241      -0.76550104811510300        4.5796987848432131     
   5.6699790491172841        2.1808401139132969        1.3810818503223934     
 -0.75351532403222299        3.6540106949274977      -0.21822661693801626     
 -0.11116588671727223       -2.9752569196364034       0.58142761669218812     
   2.4582318625425299       -2.8915757608003023E-002   3.7800445512130074     
   4.9473359321379640       -1.2258668546820406       0.48147083748841313     
   1.0932393082482599       -2.6990374356962410       -1.1178376297719965     
 -0.83380900369659194      -0.48928156417494062        6.0790504728998460     
  0.45088987093330957       0.98388901683925978        1.2811250711186175     
  -1.7973331596690179       -2.3307447904426910        8.1643720673310494E-002
   4.6261612134804881      -0.85757420942849061       -1.5176647465870992     
  -1.1549837223540671      -0.12098891892139063       -2.3173189802173040     
   1.4144140269057357        2.8253522431070102       0.88129795430351487     
  0.12971515227583419       -1.5941594999355908        5.6792233560847443     
   2.6991129015356363        1.3521816620928093        2.4806064215639245     
  -3.0872207052903722E-002   7.4290103087763857       0.28155727908086181     
   1.2538266675769978        6.3157403705384585E-002   5.0794826808620908     
 -0.67322164436785403        2.2729132752266845        1.0812115127110666     
   3.1808749795218501       0.79974269421248456      -0.51809695454934301     
  0.29030251160457166        3.3777912109873349        3.8800013304167824     
   1.5750013862344727       -1.0417205320552658        2.2806928631563737     
   6.0714474474391285      -0.30513524154816540      -0.11826983773424082     
 -0.35204692571037866        1.1680353394660350       -1.7175783049946503     
  0.93516112640903382       -1.0561069635104823      -0.79610174670984390     
   4.1469083129837880        2.6268194890250176        3.5524869203609200E-003
  0.29281168909408350        1.1536489080108177        1.6028609541807701     
  -1.9554113415082439       -1.4243996087640325      -0.39627462989474171     
   1.8986852823814595        4.8770972250167688E-002   7.6002677064073065     
 -0.67071246687834263        2.9951121342785680        4.4016507718864872     
  -1.3130619041932934        2.2585268437714681       -2.7952373307853557     
   1.2563358450665096        5.2048680057998684       0.40337960373546311     
  -2.8363029563391873E-002  -2.1609848992711327        5.2013050055166925     
   2.5410347196964103       0.78535626275726811        2.0026880709958728     
   2.7016220790251482        3.5475511021588928        3.0022558630336289     
  0.13222432976534559        6.4938922641872932      -0.19636107148719040     
   1.4169232043952467        2.0743805211446928        4.6015643302940390     
   3.9863209536550497      -0.87196064088370751        1.4029473957732193     
 -0.51012510754960516      -0.13537535037660753       0.60329316214301398     
   2.0592726417101974        2.8109658116517928       -2.5953237723778044     
   3.3439715163400989        1.3377952306375929      -0.99601530511739522     
  0.45339904842282097        4.6524290379195428        4.2017372134789355     
 -0.83129982620708009        6.1255996189337445      -0.59618818830229259     
  -1.4736492635220309      -0.50366799563015752        3.4020829798487306     
 -0.18895038889212978       0.96950258538404244       -1.3958424219324974     
   2.4607410400320417        5.1127948444864817        1.7028177333845460     
   5.0301387892918434        2.1664536824580805       -1.4957992011362728     
   1.1760421654021402       0.69328310144388006       0.10350926612413636     
 -0.75100614654271158        1.4298683919509805        5.7010889015355701     
  -1.7145303025151375       0.32499045619033007       -1.0959720843211707     
  0.85486744674466530        3.2713316182187309        2.1026448501996478     
   2.1395663213745668       -1.1481801248238699        3.7019533174600574     
   4.7089640706343694        1.7981610372045300       0.50333638293923899     
  -1.0721808652001867       -1.8847654153309701        1.3029906165694434     
  0.21251800942971455        2.5347463277116300        6.1009160183506719     
   5.1930650100976639E-002   4.9286485218597065      -0.89605852591361934     
   3.9060272739906803       0.50913677881710528       -2.4953669931740290     
 -0.59041878721397367       -1.7006190927041951       -1.6957127595438242     
  0.69428008741592739      -0.22744851168999469        3.1022126422374039     
   2.9425031180182546        3.0871852955919556       -1.2958856427287220     
   5.5119008672780581       0.14084413356355530        1.9027312917920969     
   1.6578042433883531        1.6140147145777557       -2.8951941099891312     
 -0.91159350587144905        4.5603558766061560       0.30342282453168767     
 -0.26924406855649829      -0.59574115694354512        1.1030770581618925     
   2.3001536807033038        2.3506000050848557        4.3016939926827114     
   4.9096982697952907       -8.9338769719913724E-002   3.5520181486543945     
   3.6249993951653896       -1.5625093507341139       -1.2459072531268340     
   1.6979510832205382        3.5935876828155870      -0.44625301949662921     
  0.41325220859063672      -0.82592406022701370        4.3516723822845993     
   2.9826499578504388        2.1204171018013862        1.1530554477637804     
  -1.8349708220116907        2.4887097470549366        3.1521910318392918     
   5.8732224257677181      -0.45763141497346371       -4.6425902681527020E-002
   2.0191258018780132       -1.9308019959876639       -1.6457343699419362     
 -0.55027194738178942        6.9082214900975369        1.5528825645788822     
  -1.1926213846967400       -1.1942167054805637        7.1504621999903151     
   9.2077489933161338E-002  0.27895387553363626        2.3525367982090875     
   2.8220625985217018        5.6191972317101122       0.15348765572602430     
  0.25266484926189881        2.6728560696817119        3.3521045902468427     
   1.5373637238918003       -1.7466556733608889        1.7527961229864339     
 -0.38968458805305195       -2.4832409638679889        4.1517588238770475     
  0.89501428657684956        1.9362707791746119      -0.64616657790418053     
  -1.9955581813404284      -0.64177773760023848       -2.6453021619796924     
   1.8585384425492752       0.83139284341396147        5.3512401743223545     
  -1.3532087440254776        1.5679781339210614      -0.24633946108907834     
   2.5008878798642260        9.4807552906861492E-002  -1.8456479283494875     
 -0.14880354905994508        4.2380998120092990        1.2530122269675554     
   3.7052930748297590      -0.18141193103330133      -0.34629624029285377     
 -0.79115298637489584      -0.91799722154040131        2.0526664605977607     
  0.49354588825500523       0.55517335947379909        6.8505918623789892     
   3.3841183561722832        3.8698071667557490        2.4524935774128624     
   5.9535161054320866       0.92346600472734908      -0.74612335710795596     
   2.0994194815423817        2.3966365857415490       0.85318511015245369     
   4.6688172308021851      -0.54970457628685132        4.0518020446732717     
 -0.46997826771742046        5.3429777477699503       -2.3454318243683656     
  -1.1123277050323712       0.18688071422024910        4.8514562783034769     
  0.17237116959752985       -1.2862898667939513       -3.1450860579985704     
   2.5811815595285954        4.4222461346360742      -0.54620979870040509     
   5.1505793087883980        1.4759049726076738        2.6524071358204142     
   1.2964826848986939        2.7343915934738838E-003  -2.1455182659608143     
  -1.2729150643611089        2.9490755536218747        1.0530986685600046     
  0.65413324758374314       -2.2070214799278265       0.25344443492979973     
   3.2235309968435453       0.73931968210057386        3.4520613694506186     
  -2.2364392203335348        1.1076123273541243        1.4529257853751072     
  0.33295852892626776        4.0539534893825238       -1.7456911491457121     
   1.6176574035561688      -0.36555825366007610        6.2508511871563357     
  -1.5940897830185843       -2.5753141251813765      -0.94603691551550728     
  0.97530796624121852        6.2637093609038246        2.2525800190053116     
 -0.30939090838868299        1.8441976178612243        3.8518884862657212     
   2.2600068408711196       -1.1021435441671761       0.65327155174490192     
  0.99538138615731064       0.39404532717537100        4.2767047978817665     
 -0.93166692578754140        2.6038011986966709        1.8777420969911529     
   1.6377308234722610        5.5501423607250722       -1.3208748375296659     
  0.35303194884235989       -1.8157105443459294        6.6756674987723823     
   2.9224296981021625        1.1306306176824710       -2.9201833047900752     
  0.67420666749983527        3.7086791344573213        4.6765319146968700     
   1.9589055421297368      -0.71083260858527941      -0.12139348708435849     
   3.8859538540745882        2.9720938439502214      -0.92104772071456331     
   3.1857230184884511E-002   1.4989232629360205       -2.5203561879749730     
   5.3312400880332280       -1.2632715764656042        1.2780014217684994     
  -1.0922542851162791        6.1025813286053978      -0.32130704549190980     
 -0.44990484780132833      -0.52668628595850420        8.4748895244403428     
  0.83479402682857273       0.94648429505569576       0.47834718813829502     
  0.51361930817109780        6.4708739738589465      -0.72113416230701244     
   4.3677159320608023      -0.89497893121205419       -2.3204426295674216     
  -1.4134290037737542      -0.15839364070495421       -1.5207883959372168     
   1.1559687454860481        2.7879475213234461        1.6778285385836020     
 -0.12873012914385296       -1.6315642217191544        3.2771370058440117     
   2.4406676201159496        1.3147769403092462        7.8520071323192386E-002
  -2.6178341987392866       0.11782584323520817       0.17847685052696827     
  -4.8436449479484001E-002   3.0641670052636090       -3.0201400839938506     
   3.8056601744102196        1.5909964242494081       -1.4208316167334414     
 -0.69078588679443476       -2.0919300282860922       -2.2204858503636462     
  0.59391298783546631        2.3275817147565081        5.7760564859384012     
   3.1633107370952689      -0.61875944727189180        2.5774395514175823     
  -1.6543100427668609      -0.98705209252544179        3.7769209018628893     
   6.0538832050125482        1.9592890695029586       0.57830396734207001     
   2.1997865811228432       0.48611848848875816       -1.0210044999183392     
 -0.36961116813695938        3.4324596505171585        2.1776124346024797     
  -1.0119606054519101        1.2227037789958586        6.1758836027535047     
   1.5574371438078924        4.1690449410242589        2.9772666682326849     
   2.8421360184377940      -0.25046680201834182        4.5765751354930941     
   2.6815486591090560        3.2483133278903833       0.37839040893451914     
   1.3968497844791545        1.7751427468761833        1.9776988761949288     
  -1.1725479647806478        4.7214839089045846       -1.2209180583258901     
 -0.53019852746569729        1.0385574563690834        2.7773531098251332     
  0.75450034716420422      -0.43461312464511659       -2.0205722919560949     
  0.43332562850672884        5.0897765541581350       -2.1436707880583050E-002
   4.2874222523964320       0.67026481111553338        1.5778717593798262     
  -1.4937226834381232       -1.5394910604057670       0.77821752574962177     
 -0.20902380880822191       -6.6320479391566600E-002   8.7747598620516687     
   4.8896248498791994      -0.57272286661519800      -0.87106933111267582     
   1.0355282259894949       -2.0458934476293980       0.72823913614773383     
   3.6049259752492975       0.90044771439900240        3.9268560706685522     
 -0.89152008595535692       -1.3093081571222982        4.7265103042987580     
  0.39317878867454414       0.16386242389190198       -3.2700320320032898     
  -2.1762189605852580        3.1102035859203023       -7.1415097482470991E-002
  0.71435350733201952        5.6882521026951540        1.9277204865930408     
   1.9990523819619210        1.2687403596525519        3.5270289538534505     
   4.5684501312217236       -1.6776008023758482       0.32841201933263164     
  -1.2126948046128323       0.53215506914545196        2.7273747202232452     
   1.3567029446469703        3.4784962311738528      -0.47124221429757318     
   7.2004070017069211E-002 -0.94101551186874799        7.5253001220044737     
   2.6414018192768718        2.0053256501596519       -2.0705506815579824     
  -2.3368063199139959      -0.38857654398842323        1.7278069281854900     
   1.5172903039757082        1.0845940370257767        6.5257323299667185     
  -1.0521074452840946        4.0309351990541771        3.3271153954458987     
 -0.40975800796914408        1.8211793275328776      -0.67115577270512450     
   2.1596397412906589        4.7675204895612779        2.5274611618156944     
   3.4443386159205596       0.34800874651867719       0.92815269455528471     
  -2.0156316012565205       -2.0283898734872796E-002   5.3262509795214115     
   1.8384650226331831       -1.4934544797490732       -2.6702913567806363     
 -0.73093272662661946        7.3455690063361292       0.52832557774018296     
   3.7655133345780354        3.6626425538006271        1.3279798113703873     
  -8.8583289311668700E-002   2.1894719727864271      -0.27132865589002231     
   2.4808144599481339      -0.75686918924197322        2.9272882786307970     
   4.9699185295435679       0.99252087571239000      -0.17137187668624643     
   1.1158219056538639        2.4656914567265900       -1.7706803439466559     
  -1.4535758436059387        5.4120326187549903        1.4279365905741632     
 -0.81122640629098797       0.25593558520528958        7.0255162259855961     
   1.7581713429688146        3.2022767472336899        3.8268992914647773     
  0.47347246833891310       -1.2172349958089108        2.2275908242043676     
  -1.7747505622634141        1.3608135209659395        1.0281094737590606     
  0.79464718699638848        4.3071546829943408       -2.1705074607617583     
   4.6487438108860921      -0.11235706004826040      -0.57119899350134906     
  -1.1324011249484633      -0.84894235055536038       -2.9701616943919631     
  0.15229774968143772       0.62422823045883957        5.0263806419100838     
   2.7216954989412403       -2.3221129315695608        1.8277637073892650     
  -8.2896096472997449E-003   3.7547157151140147       0.82819591535150971     
   1.2764092649826018      -0.66479602792858561        5.6261213171327373     
   3.8458070142424039        2.2815451340998147        2.4275043826119185     
 -0.65063904696225050       -2.8745518994498860        2.8541681721304890E-002
  0.63405982766765101        1.5449598435927148        8.0250840180233531     
   3.2034575769274531       -1.4013813184356856       -1.5707667855391048     
   2.8822828582699782        4.1230083603675656      -0.37128543509379774     
   1.5975839836400767      -0.29650338267503562        1.2280230321666115     
 -0.97181376561972588        2.6498377793533652       -1.9705939023542072     
  -1.6141632029346764        1.9132524888462643        3.6269857330572255     
   6.0940300448447324       -1.0330886731821356       0.42836879853640708     
 -0.32946432830477512       -2.5062592541963360       -1.1709396687240026     
   2.2499701309130740        3.3518956343679442      -0.18386647408671841     
  0.96527125628317245        1.8787250533537443        1.4154419931736908     
   3.5346690055429746       -1.0676161086746561        4.6140589276945096     
  -1.6041264929766303        4.8250662153821455       -1.7831749413471278     
 -0.96177705566167959      -0.33103081816755564        3.8144046940643048     
  0.32292181896822170       -1.8042013991817560      -0.98352070771692324     
  -1.9253012116341057        1.5104324081001947       -2.1830020581622303     
  0.64409653762569707        4.4567735701285951        1.0156148763585890     
   4.4981931615154007        3.7261827085994348E-002   2.6149233436189978     
  -1.2829517743191550      -0.69932346342110607       0.21596064272838378     
   1.7471003107463190E-003  0.77384711759309388        8.2125029790304307     
   2.5711448495705489       -2.1724940444353060       -1.3833478245320254     
  -2.4070632896203188       0.58970079496631911       0.81570131795103729     
  0.16233445963948379        3.5360419569947195       -2.3829156165697816     
   4.0164310835291879        2.0628713759805195      -0.78360714930937192     
   2.0893827715843361        5.7457978285160198        1.6047084320832905E-002
  0.80468389695443454        1.3262860854734195        4.8139724861020614     
   3.3740816462142376       -1.6200550765549810        1.6153555515812426     
  -2.0858885709628434       -1.2517624313014308        2.8148369020265496     
   5.6223046768165652        1.6945787307269691      -0.38378003249426973     
   1.7682080529268602       0.22140814971276912       -1.9830884997546792     
 -0.80118969633294190        3.1677493117411699        1.2155284347661399     
 -0.15884025901799115       -1.9883477218085310        2.0151826683963443     
   2.4105574902418110       0.95799344021986910        5.2137996029171632     
   5.0602489191659821      -0.79139662473449324        2.3150530060076711     
   1.2061522952762789       -2.2645672057486936       -2.4828723957735570     
  -1.3632454539835239        6.5744562803365074       0.71574453874726229     
  0.56380285796132812       -5.4811334227393260E-002  -8.3909694882942976E-002
  0.88497757661880350        6.2061636350829588       -1.2833910453282500     
 -0.39972129801109801        4.7329930540687570        3.5145343564529781     
  -1.0420707353260485        1.0500666015332567      -0.48373681169804517     
   1.5273270139337538        3.9964077635616575        2.7148801228227737     
  0.24262813930385274      -0.42310397948094325        4.3141885900831838     
   2.8120258885636553        2.5232371825474567        1.1155716555623640     
  -2.4873569692846873      -0.97554294736126845       -1.4833046037358013     
   1.3667396546050168       0.49762763365293194        3.3146207980454272     
 -0.56030865733983548        1.2342129241600319        2.5149665644152228     
   2.0090890919199667        4.1805540861884314      -0.68365037010559648     
   3.2937879665498682      -0.23895765685416848       -2.2829588373660057     
  0.40321549863259065        3.0756761504277823        5.3137563821209390     
   1.6879143732624917       -1.3438355926148184       0.51583098033971053     
   4.2573121225222952        1.6025055694135815        3.7144479148605298     
  -1.5238328133122614       -2.0804208831219189        4.5141021484907355     
   6.1843604344671466       0.86592027890648149        1.3154852139699158     
   2.3302638105774425      -0.60725030210771846        6.1134106157511443     
 -0.19898709885017585        2.8454932471443137       0.16598225312649628     
   1.0857117757797252       -1.5740184958982872        4.9639076549077252     
   3.6551095250395282        1.3723226661301129        1.7652907203869055     
 -0.84133653616512660       -2.3106037864053874       0.96563648675670111     
   3.0127600877245775      -0.83743320539118704      -0.63367198050370854     
   2.0492359317521518        1.0040300208765633        2.1651178372020081     
 -0.52016181750765123        3.9503711829049633       -1.0334990973188107     
  -1.1625112548226018        1.7406153113836633        2.9647720708322125     
   6.5456819929568066       -1.2057258506447370      -0.23384486368860635     
  0.12218761980729953       -2.6788964316589374       -1.8331533309490156     
   5.4215704776556422      -0.28499423751086228       0.36589581153404760     
   1.5674738537659381        1.1881763435033377       -1.2334126557263621     
  -1.0019238954938641        4.1345175055317380        1.9652042787944564     
 -0.35957445817891331       0.45159105299623814        5.9634754469454805     
   2.2098232910808888        3.3979322150246385        2.7648585124246616     
  0.92512441645098775       -1.0215795280179623        1.1655500451642520     
   3.4945221657107903        1.9247616340104385        4.3641669796850717     
  -1.9654480514662902        2.2930542792639881       -3.3931305281055035E-002
   4.4580463216832165       0.81988369824978813       -1.6332397725414647     
  -1.3230986141513394       -1.3898721732715122       -2.4328940061716695     
   1.2462991351084631        7.4491513128136901       0.76572292834914935     
  -3.8399739521437937E-002   8.3298407742688152E-002   5.5636483301303787     
 -0.11869341918580689        7.1729318288735264      -0.53371520129993311     
   1.1660054554440946      -0.19292107619747467        7.4628271350021151     
  -1.4033922938157082        2.7534200858309261        4.2642102004812958     
 -0.76104285650075765        2.0168347953238253       -1.3333694349301379     
   1.8083548927590454        4.9631759573522256        1.8652474995906814     
  0.52365601812914386       -2.4026769477187750        3.4645559668510901     
   3.0930537673889460       0.54366421430962530       0.26593903233027172     
  -1.7245670124731836       0.91195685956317574        4.6640373172963976     
 -0.43986813784328227        8.2778097646341777      -0.13388808448483047     
   4.0565779233613721        3.1217127310844757        2.2650746164057831     
   6.6259756726211751       0.17537156905607532      -0.93354231811503530     
  0.20248129947166849        1.6485421500702757       0.66576614914537435     
   2.7718790487314711       -1.2977990119581246        3.8643830836661928     
   4.1893940142930575E-002   4.4107369894719017        4.4641237588888476     
   1.3265928147728316       -2.9551159155990998      -0.33380164289238179     
   3.8959905640326347       -8.7747535706994562E-003   2.8648152916284366     
 -0.60045549717201974      -0.74536004407779943        5.2637779925190511     
  0.68424337745788133       0.72781053693640052       -2.7327643437829958     
  -1.8851543718019212        3.6741516989648013       0.46585259073782259     
  -2.2063290904593966       -1.8502379798384498      -0.73362875970748398     
   1.6477675334303075        2.5692737632041509        4.0642966420737441     
   4.2171652826901092      -0.37706739882424944       0.86567970755292523     
  -1.5639796531444459       0.35951789168285053        1.6653339411831296     
   1.0054180961153567        3.3058590537112509       -1.5332829933376888     
 -0.27928077851454480       -1.1136526893313499        6.4632593429643581     
 -0.29935419843063693        4.8020479250537988       -1.9580993049537352     
 -0.94170363574558746      -0.35404910849590276       -1.1584450713235306     
  0.34299523888431382        1.1191214725182976        3.6394803304576979     
   2.9123929881441168       -1.8272196895101029       0.44086339593687862     
   3.2335677068015918        3.6971699892931480      -0.75861795450842795     
   5.8029654560613952       0.75082882726474720        2.4399989800123909     
   1.9488688321716903        2.2239994082789472       -2.3579264217688376     
 -0.62052891708811231        5.1703405703073475       0.84069051275198126     
  -1.2628783544030628        1.4243536757647224E-002   8.0375786154238238     
   1.3065193948567395        2.9605846987860480        4.8389616809030045     
   2.1820520226838447E-002  -1.4589270442565530        4.1036279121776431E-002
   2.5912182694866410        1.4874141177718472        3.2396532136425953     
   5.3212033780751824        1.6715604403986224      -0.55870439610087708     
   1.4671067541854774       0.19838985938442244        1.0406040711595321     
  -1.1022909950743252        3.1447310214128223       -2.1580128633612863     
 -0.45994155775937440        2.4081457309057224        5.0388752393105563     
  0.82475731687052667       -2.0113660121368779       -2.9576670969914911     
  -2.0658151510467508       0.56668250463797243       -1.7581857465461839     
  0.50358259821305129        3.5130236666663728        1.4404311879746348     
   1.7882814728429524      -0.90648807637622797        3.0397396552350444     
   4.3576792221027549        2.0398530856521728      -0.15887727928577444     
   1.1459320355280025        5.7227795381876732      -0.95853151291597927     
 -0.13876683910189902        1.3032677951450728        7.0380108233860685     
   2.4306309101579031       -1.6430733668833279       -2.5578399801763885     
   2.5109245898222725        3.0526578600994356        3.5395235512539220     
  -5.8473159437530509E-002   5.9989990221278369       0.34090661673310363     
   1.2262257151923710        1.5794872790852348        5.1388320185143321     
   3.7956234644521731       -1.3668538829431653        1.9402150839935124     
 -0.70082259675248082       0.84290198857813481      -0.45874761689710120     
  0.58387627787742025      -0.63026859243606514        7.5377947194049462     
   3.1532740271372233        2.3160725695923348       -2.0580560841575108     
  0.90505099653489562        4.8941210863671856        3.1396964344388203     
   2.1897498711647967       -2.4717318187038155        1.5403879671784106     
 -0.37964787809500544        6.3672916673813855       -1.6582289673424082     
  -1.0219973154099562       -1.7351465281967153        3.9393506680690247     
   6.6861959323694524        1.2111946338316852       0.74073373354820538     
  0.26270155921994487      -0.26197594718251516      -0.85857473371220383     
  -2.3066961900398577        2.6843652148458852        2.3400422008086150     
  -2.4672835493685952       0.29046302069781005        3.3396099928463712     
   1.3868130745211089       -1.1827075603163903       -1.4583154089348573     
  0.74446363720615816        2.5002188922191100        2.5399557592161668     
   3.3138613864659603      -0.44612226980929037        5.7385726937369856     
  -1.8249341120536446        5.4465600542475112      -0.65866117530465251     
  -2.1461088307111198      -0.81441491506284036       0.54082017514065450     
 -0.86140995608121873        3.6050968279797604        5.3387455769218839     
   1.0656383558636331        4.3416821184868599      -0.25883405848955032     
   2.3503372304935346       -7.7829624555740384E-002   1.3404744087708589     
   2.3101903906613503        5.3084503122774294       -1.5082937985367448     
   4.8795881399211520        2.3621091502490290        1.6903231359840736     
   1.0254915160314488       0.88893856923482906       -3.1076022657971545     
  -1.5439062332283537        3.8352797312632290        9.1014668723664371E-002
  0.38314207871649808       -2.7939878833006717       0.89066890235386920     
   2.9525398279763011       0.15235327872772864        4.0892858368746872     
  -1.8650809518858289      -0.21593936652582135        2.0901502527991762     
  0.70431679737397346        2.7304017955025786       -1.1084666817216426     
  -1.2227315145708784       -2.4256952380471217       -1.9081209153518475     
   1.3466662346889247        6.4133282480380807        1.2904960191689718     
   6.1967360059023147E-002   1.9938165049954786        2.8898044864293806     
   2.6313651093188253      -0.95252465703292133      -0.30881244809143782     
  -2.3468430298720420        2.5462554728758042      -0.90855312331409133     
  0.22255471938776061        5.4925966349042046        2.2900638112067271     
   1.5072535940176617       -1.8732562701667967        3.8893722784671367     
   4.0766513432774651        1.0730848918616034       0.69075534394631832     
 -0.41979471792719014       -1.1366709796596965        1.4904095775765227     
  0.86490415670271137       0.33649960135450341        6.2883349793577512     
  -1.7044935925570914        3.2828407633829042        3.0897180448369324     
   3.1131271873050381        2.9145481181293538        1.8902366943916253     
   5.6825249365648407       -3.1793043899046580E-002  -1.3083802401291940     
   1.8284283126751375        1.4413775371151538       0.29092822713121569     
  -1.3833188738996161       0.70479224660805384        5.8885078625426495     
  -9.8619999269714764E-002 -0.76837833440614656       -2.1080344737593988     
 -0.17891367893408372        3.9273528925766166        3.9893290576709126     
   1.1057851956958173      -0.49215885046598418        2.3900205904105030     
 -0.82126311624903403       -2.7019147219872841        3.1896748240407073     
   6.8869301315303737       0.24442644004111624       -8.9421104801110651E-003
  0.46343575838086704        1.7175970210553166       -1.6082505777405207     
  0.78461047703834241        7.2419866998585682      -0.40876922729521370     
   2.0693093516682439      -0.12386620521243374        4.3891561744860148     
  -1.1424378349065096        2.0858896663088662       0.39088500633499157     
   2.7116587889831947       0.61271908529466623       -1.2084234609254181     
   5.1204691789142593       0.79686540792144145        2.9897612656331565     
   3.8357703042843583      -0.67630517309275895       -1.8081641361480718     
 -0.66067575692029656        6.0280117414341028E-002  -2.6078183697782764     
   1.9087219923395060        3.0066212794427414       0.59079856474254244     
  0.62402311770960495       -1.4128904635998591        5.3887239665237718     
   3.1934208669694075        1.5334506984285414        2.1901070320029521     
   5.4416438975717352       -1.7811831088534091       0.99062568155764508     
 -0.98185047557777194        5.5846697962175931        2.5899341488180538     
   3.5145955856268825        4.8480845057104922       0.19097144792743981     
 -0.33950103826282119       0.42857276266789102        1.7902799151878495     
  0.94017948138805707       0.41130904492163101        8.1312880959273635     
 -0.98686883055679497        1.1478943354287314       -2.2642169412652979     
   1.5825289187030074        4.0942354974571309       0.93439999325552092     
   5.4366255425927115        2.6210649164429314      -0.66490847400488828     
   2.8672277933329089      -0.32527624558546897        2.5337084605159306     
  -1.9503929865292209        4.3016399668081018E-002   3.7331898109612376     
   1.9037036373604832       -1.4301541813461192       -1.0647355908199909     
   3.8307519493053346        3.7259428522035818      -0.26508135718978609     
  -2.3344674584369063E-002   2.2527722711893809        1.3342271100706236     
   2.5460530746754340      -0.69356889083901896        4.5328440445914424     
  0.13724268474436885        5.0149671105910070        3.9331033693687885     
   1.4219415593742704       -2.3508857944799946        2.3337949021083788     
  -1.1474561898855327        6.4881376916052069      -0.86482203241243960     
 -0.50510675257058191       -1.6143005039728944        3.1334491357385841     
  0.77959212205931916      -0.14112992295869420       -1.6644762660426444     
  -1.7898056272004832        2.8052112390697066        1.5341406684781744     
   3.0278151526616468        3.1735038843232561        3.5332762525536867     
  0.45841740340184423        6.1198450463516565       0.33465931803286741     
   1.7431162780317453        1.7003333033090562        5.1325847198140959     
   4.3125140272915488       -1.2460078587193442        1.9339677852932771     
  -1.4686309085430078       0.96374801280195621        1.1343135516630718     
   1.1007668407167945        3.9100891748303561       -2.0643033828577466     
 -0.18393203391310653      -0.50942256821224419        9.1308558879651205     
   2.3854657153466960        2.4369185938161562      -0.46499491559733741     
  -2.6730361035085402       0.68752852886179339      -0.76486525320866416     
 -0.10363835424873757        3.6338696908901942        2.4337516813121547     
   1.1810605203811639      -0.78564205215240657        4.0330601485725648     
   3.7504582696409661        2.1606991098759933       0.83444321405174504     
 -0.74598779156368833       -2.9953979236737069        1.6340974476819503     
   1.8234099576961138        5.8436255624114946       -1.5645194868388690     
  0.53871108306621274        1.4241138193688934        6.4320228494631788     
   3.4292835509834911        4.7387476266508450        1.2342703308668477     
   2.1445846763535896       0.31923588360824340      -0.36503813639356153     
  -1.0671625102211637        2.5289917551295438        5.2325414990178718     
  0.21753636440873736       -1.8905199879130568       -2.7640008372841760     
   2.6263467543398025        3.4497233682634190       -1.7644330452464199     
   5.1957445035996059       0.50338220623501861        1.4341838892743985     
  -1.2277498695499014        4.9228939492776203      -0.16512457798601066     
 -0.58540043223495086      -0.23320308427208181        8.6310719919462411     
   1.9839973170248517        2.7131380777563190        5.4324550574254236     
  0.69929844239495065       -1.7063736652862818       0.63452965564419417     
   3.2686961916547532        1.2399674967421181        3.8331465901650135     
  -2.1912740255223273        1.6082601419956686        2.6336652397197056     
  0.37812372373747527        4.5546013040240698      -0.56495169480111285     
   4.2322203476271785       0.13508956098146863       -2.1642601620615221     
  -1.5489245882073768      -0.60149572952563179       -1.3646059284313177     
 -0.26422571357747549       0.87167485148856860        3.4333194733499108     
   2.3051720356823275       -2.0746663105398317       0.23470253882909198     
   4.9147166247743144       -1.5682639233162006      -0.31505974679167403     
  -1.5087777483751923        5.7975889817548012        1.2842487204687356     
 -0.86642831106024154      -0.83167863280910037        6.8818283558801685     
  0.41827056356965953       0.64149194820509958        2.0839029540989400     
  -2.1511271856901431        3.5878331102334999       -1.1147139804218784     
  -1.8299524670326677       -1.9365565685697506       0.88442160365363298     
   4.5935419061168385      -0.46338598755555038      -0.71488686360677622     
  -1.1876030297177169       0.27319930295154959       -3.1138495644973903     
   1.3817947195420852        3.2195404649799504        8.4767370023428601E-002
   9.7095844912184148E-002  -1.1999712780626504        4.8826927718046580     
   2.6664935941719867        1.7463698839657495        1.6840758372838383     
  0.25768320424092206        7.0866132401422259        1.0843351620611847     
   1.5423820788708231      -0.27923966492877517        5.8822605638424132     
 -0.38466623307402870        1.9305162065925248       0.28468092843097947     
   3.4694303908156754       0.45734562557832481       -1.3146275388294297     
  0.57885792289839744        3.7719794328602751        3.0834707461366961     
   1.8635567975282989      -0.64753231018232560        1.4841622788762865     
   6.3600028587329529        8.9052980324774822E-002  0.68450804524608211     
  -6.3491514416553319E-002   1.5622235613389752      -0.91480042201432754     
   2.4256125551788803        2.7591746584130123        1.9839461748951650     
   4.9950103044386829      -0.18716650361538800       -1.2146707596256543     
   1.1409136805489788        1.2860040773988124       0.38463770763475535     
   3.7103114298087818       -1.6603370846295880        3.5832546421555738     
 -0.78613463139587303       0.54941878689171242        4.3829088757857786     
  -1.7496587873682987        2.3908820131594628       -1.6144978764407565     
  0.81973896189150386        5.3372231751878640        1.5841190580800624     
   2.1044378365214054       -2.0286297298831384        3.1834275253404720     
   4.6738355857812071       0.91771143214526196       -1.5189409180347280E-002
  -1.1073093500533482       -1.2920444393760380        2.3837732917102668     
  0.17738952457655310       0.18112614163816199        7.1816986934914961     
  -2.5525955840119869       -3.0201809886127862E-003   1.7840326164876132     
   1.6802165247815637E-002   2.9433209810397876       -1.4145843180332052     
   1.3015010398777167       -1.4761907620028130        6.5819580182688426     
 -0.62554727206713512       -2.2127760525099132      -0.61493008440300079     
  0.65915160256276595        2.2067356905326876        4.1829953173782268     
   3.2285493518225690      -0.73960547149571276       0.98437838285740886     
   1.6226757585351916        1.1018577547720372       -2.6140656684785126     
 -0.94672199072461050        4.0481989168004375       0.58455126604230623     
 -0.30437255340965974       -2.5810686977634631      -0.21510296758789815     
   2.2650251958501424       0.36527246426493720        2.9835139669329203     
 -0.28429913349356761        3.3346319166216847        4.9576603562074890     
   1.0003997411363335       -1.0848798264209161       0.15973495442626007     
   3.5697974903961360        1.8614613356074838        3.3583518889470789     
 -0.92664857080851837       -1.8214651169280163        5.7573145898376943     
   4.2121469277110872        4.0712172071287842      -0.63991927920394476     
  0.35805030382138314        2.5980466261145847       -2.2392277464643540     
  -1.8901727267809443      -0.71658718116736608       -1.0397463960190469     
   1.9639238971087596       0.75658339984683431        3.7581790057621816     
   4.5333216463685631       -2.1897577621815660       0.55956207124136226     
  -1.2478232894659935        1.4931686903539343        1.3592163048715675     
   1.3215744597938088        4.4395098523823346       -1.8394006296492516     
   5.1756710836835129        2.9663392713681342      -0.24009216238884212     
  0.19746294449264523        6.0968267560233098       -1.2396599544265983     
   1.4821618191225467        1.6773150129807095        6.7568823818754495     
  -1.0872359301372561        4.6236561750091099        3.5582654473546298     
 -0.44488649282230552       0.94072972247360953       -2.0393141880568031     
   2.1245112564374975        3.8870708845020094        1.1593027464640158     
  0.83981238180759599      -0.53244085854059087        2.7586112137244254     
   3.4092101310673981        2.4139003034878095      -0.44000572079639344     
   5.6574331616697258      -0.90073350379414086        1.5591298632791184     
 -0.76606121147978046        6.4651194012768602       -4.0178603981291250E-002
   6.2997825989846774        1.3090223677271591      -0.83983283761149563     
 -0.12371177416483015      -0.16414821328704088       0.75947562964891402     
   5.0953774040191444        1.5852418516673219        1.0593459672602408     
   1.2412807801294403       0.11207127065312150      -0.53996250000016888     
  -1.3281169691303625        3.0584124326815219        2.6586544345206495     
 -0.68576753181541195        2.3218271421744219        6.6569256026716737     
  0.59893134281448956       -2.0976846008681784        1.8590002008904452     
   3.1683290920742917       0.84865656116022192        5.0576171354112649     
  -1.6492916877878379       0.48036391590667149      -0.14013538318506669     
   4.7742026853616686        1.9535344969208714       -1.7394438504454761     
   1.5624554987869153        5.6364609494563727       0.65951885044513814     
  0.27775662415701419        1.2169492064137715        5.4574442522263666     
   2.8471543734168168       -1.7293919556146287        2.2588273177055478     
  0.11716926482827628        4.7157293363224966      -0.34004894159261800     
   3.9712658887179804       0.29621759327989672        1.2592595256677916     
 -0.52518017248667404      -0.44036769722720370       0.45960529203758727     
  0.75951870214322703        1.0328028837869963        8.4561476283396342     
   3.3289164514030296       -1.9135382782414037       -1.1397031752228224     
   3.0077417327455547        3.6108514005618466       0.85943240885268901     
   1.7230428581156532        2.1376808195476467        2.4587408761130987     
 -0.84635489114414941        5.0840219815760470      -0.73987605840772019     
  -1.4887043284591002       -7.2075051973653270E-002   3.2583951097433030     
 -0.20400545382919866       -1.5452456329878537       -1.5395302920379250     
 -0.24415229366138336        6.7873754658737173        1.4091946944734546     
   1.0405465809685182        2.3678637228311152        3.0085031617338642     
   3.6099443302283203      -0.57847743919728467      -0.19011377278695463     
 -0.88650173097633367       0.15810785130981531        2.2088489281036598     
   1.6828960182834689        3.1044490133382161      -0.98976800641715901     
  0.39819714365356740       -1.3150627297043849        7.0067743298848892     
   2.9675948929133704        1.6312784323240153       -2.5890764736775687     
   4.5734684862007473      -0.21018479394373468        4.2079845121791717     
 -0.56532701231885873        5.6824975301130660       -2.1892493568624660     
  -1.2076764496338093      -0.94677008445083466        5.0076387458093770     
   7.7022424996092020E-002  0.52640049656336529       -2.9889035904926708     
   1.5223086589547310      -0.39433111657050990       -2.3891629152700173     
  0.87995922163978024        1.8154247549507905        9.7997856205966904E-003
   3.4493569708995833       -1.1309164070776099        3.2084167201414160     
  -2.0106132462774973       -1.4992090523311599        1.2092811360659037     
   1.8434833776122059       -2.6038471316959910E-002   6.0072065378471322     
 -0.72591437164759620        2.9203026907114409        2.8085896033263134     
  -1.3682638089625470        2.1837174002043409       -1.1896815648247103     
   1.2011339402972561        5.1300585622327421        2.0089353696961090     
  -8.3564934332645446E-002  -2.2357943428382603        3.6082438369565177     
   2.4858328149271567       0.71054681919014051       0.40962690243569932     
   3.6902380098926897       0.98676630313030289      -0.88981122721338357     
 -0.80620805131196516       -1.2229895683909975       -3.2887739281039976     
  0.47849082331793635       0.25018101262320291        4.7077684081980493     
   5.9384610404950173      -0.11811163263034707       0.30967012323192344     
   2.0843644166053132        1.3550589483838533       -1.2896383440284858     
 -0.48503333265448978        4.3014001104122528        1.9089785904923331     
  -1.1273827699694403       0.61847365787675290        7.5065582259037669     
   1.4420149792903625        3.5648148199051533        4.3079412913829476     
  0.15731610466046098      -0.85469692313744750        2.7086328241225375     
   2.5661264945915261        5.2221317235461289       0.10975656482437213     
   1.2814276199616246       0.80261998050352767        1.7090650320847813     
  -1.2879701292981780        3.7489611425319285       -1.4895519024360371     
 -0.64562069198322725        1.5392052710106277        4.1080277329753958     
  0.63907818264667382       -2.8803064720319727      -0.68989766880583225     
  0.31790346398919844        2.6440832067712781       0.50958368163947432     
   1.6026023386190995       -1.7754285362713225        5.3075090834207028     
   4.1720000878789030        1.1709126257570781        2.1088921488998840     
  -1.6091448479556534       -2.5120138267784227      -0.29007055199073006     
 -0.32444597332575187        1.9074979162641781        7.7064717843113169     
   2.2449517759340503       -1.0388432457642223       -1.8893790192511395     
 -0.33448268328379838        4.8423299331284060       0.69700264264655365     
   3.5196139406059053       0.42281819008580435        2.2963111099069633     
 -0.97683212059874891       -1.7869376814354958      -0.10265159098365073     
  0.30786675403115238      -0.31376710042129563        7.8938907453183962     
   3.1984392219484303        3.0008667068606552       0.29717552583145146     
   1.9137403473185288        1.5276961258464543        1.8964839930918607     
 -0.65565740194127331        4.4740372878748556       -1.3021329414289577     
  -1.2980068392562241       0.79111083533935433        4.2954466939824751     
  -1.3307964626322999E-002 -0.68205974567484562      -0.50247870779875292     
  -2.4221183545573877      -0.86620606830162084        3.2958789019447194     
   5.2860748932220201        2.0801350937267800        9.7261967423900586E-002
   1.4319782693323160       0.60696451271257956       -1.5020464998365091     
  -1.1374194799274864        3.5533056747409799        1.6965704346843098     
 -0.49507004261253584        1.3435498032196791        7.2941500700957427     
   3.3590265812771682      -0.12962077779452086        5.6948416028353339     
  -2.1009436358999123       0.23867186745902957       0.49708908423900278     
  0.46845411335989029        3.1850130294874295       -2.7015278502818161     
   4.3225507372495944        1.7118424484732295       -1.1022193830214069     
   1.1108035506748410        6.8679394820229298      -0.30256514939120205     
 -0.17389532395506047        2.4484277389803295        4.4953602523900269     
   2.3955024253047417      -0.49791342304807085        1.2967433178692072     
  -9.3601644290691510E-002   6.5917199980827679       -1.8019168374478358     
   1.1910972303392096        2.1722082550401667        6.1946254988542115     
 -0.73595108160564227       -3.7547616481133250E-002  -1.0022626038176310     
   1.8334466676541603        2.9087935455472675        2.1963543307031874     
  0.54874779302425880       -1.5107181974953334        3.7956627979635971     
   3.1181455422840618        1.4356229645330667       0.59704586344277866     
 -0.41477636294816689        6.2234273528292174       0.99687298025788040     
  -1.0571258002631176      -0.40584026173468324        8.1937610829297238     
  0.22757307436678342        1.0673303192795172       0.19721874662767602     
