  -5.0000000000000000       -5.0000000000000000     
  -5.0000000000000000       -4.4736842105263159     
  -5.0000000000000000       -3.9473684210526319     
  -5.0000000000000000       -3.4210526315789473     
  -5.0000000000000000       -2.8947368421052633     
  -5.0000000000000000       -2.3684210526315788     
  -5.0000000000000000       -1.8421052631578947     
  -5.0000000000000000       -1.3157894736842106     
  -5.0000000000000000      -0.78947368421052655     
  -5.0000000000000000      -0.26315789473684248     
  -5.0000000000000000       0.26315789473684248     
  -5.0000000000000000       0.78947368421052655     
  -5.0000000000000000        1.3157894736842106     
  -5.0000000000000000        1.8421052631578947     
  -5.0000000000000000        2.3684210526315788     
  -5.0000000000000000        2.8947368421052628     
  -5.0000000000000000        3.4210526315789469     
  -5.0000000000000000        3.9473684210526319     
  -5.0000000000000000        4.4736842105263150     
  -5.0000000000000000        5.0000000000000000     
  -4.4736842105263159       -5.0000000000000000     
  -4.4736842105263159       -4.4736842105263159     
  -4.4736842105263159       -3.9473684210526319     
  -4.4736842105263159       -3.4210526315789473     
  -4.4736842105263159       -2.8947368421052633     
  -4.4736842105263159       -2.3684210526315788     
  -4.4736842105263159       -1.8421052631578947     
  -4.4736842105263159       -1.3157894736842106     
  -4.4736842105263159      -0.78947368421052655     
  -4.4736842105263159      -0.26315789473684248     
  -4.4736842105263159       0.26315789473684248     
  -4.4736842105263159       0.78947368421052655     
  -4.4736842105263159        1.3157894736842106     
  -4.4736842105263159        1.8421052631578947     
  -4.4736842105263159        2.3684210526315788     
  -4.4736842105263159        2.8947368421052628     
  -4.4736842105263159        3.4210526315789469     
  -4.4736842105263159        3.9473684210526319     
  -4.4736842105263159        4.4736842105263150     
  -4.4736842105263159        5.0000000000000000     
  -3.9473684210526319       -5.0000000000000000     
  -3.9473684210526319       -4.4736842105263159     
  -3.9473684210526319       -3.9473684210526319     
  -3.9473684210526319       -3.4210526315789473     
  -3.9473684210526319       -2.8947368421052633     
  -3.9473684210526319       -2.3684210526315788     
  -3.9473684210526319       -1.8421052631578947     
  -3.9473684210526319       -1.3157894736842106     
  -3.9473684210526319      -0.78947368421052655     
  -3.9473684210526319      -0.26315789473684248     
  -3.9473684210526319       0.26315789473684248     
  -3.9473684210526319       0.78947368421052655     
  -3.9473684210526319        1.3157894736842106     
  -3.9473684210526319        1.8421052631578947     
  -3.9473684210526319        2.3684210526315788     
  -3.9473684210526319        2.8947368421052628     
  -3.9473684210526319        3.4210526315789469     
  -3.9473684210526319        3.9473684210526319     
  -3.9473684210526319        4.4736842105263150     
  -3.9473684210526319        5.0000000000000000     
  -3.4210526315789473       -5.0000000000000000     
  -3.4210526315789473       -4.4736842105263159     
  -3.4210526315789473       -3.9473684210526319     
  -3.4210526315789473       -3.4210526315789473     
  -3.4210526315789473       -2.8947368421052633     
  -3.4210526315789473       -2.3684210526315788     
  -3.4210526315789473       -1.8421052631578947     
  -3.4210526315789473       -1.3157894736842106     
  -3.4210526315789473      -0.78947368421052655     
  -3.4210526315789473      -0.26315789473684248     
  -3.4210526315789473       0.26315789473684248     
  -3.4210526315789473       0.78947368421052655     
  -3.4210526315789473        1.3157894736842106     
  -3.4210526315789473        1.8421052631578947     
  -3.4210526315789473        2.3684210526315788     
  -3.4210526315789473        2.8947368421052628     
  -3.4210526315789473        3.4210526315789469     
  -3.4210526315789473        3.9473684210526319     
  -3.4210526315789473        4.4736842105263150     
  -3.4210526315789473        5.0000000000000000     
  -2.8947368421052633       -5.0000000000000000     
  -2.8947368421052633       -4.4736842105263159     
  -2.8947368421052633       -3.9473684210526319     
  -2.8947368421052633       -3.4210526315789473     
  -2.8947368421052633       -2.8947368421052633     
  -2.8947368421052633       -2.3684210526315788     
  -2.8947368421052633       -1.8421052631578947     
  -2.8947368421052633       -1.3157894736842106     
  -2.8947368421052633      -0.78947368421052655     
  -2.8947368421052633      -0.26315789473684248     
  -2.8947368421052633       0.26315789473684248     
  -2.8947368421052633       0.78947368421052655     
  -2.8947368421052633        1.3157894736842106     
  -2.8947368421052633        1.8421052631578947     
  -2.8947368421052633        2.3684210526315788     
  -2.8947368421052633        2.8947368421052628     
  -2.8947368421052633        3.4210526315789469     
  -2.8947368421052633        3.9473684210526319     
  -2.8947368421052633        4.4736842105263150     
  -2.8947368421052633        5.0000000000000000     
  -2.3684210526315788       -5.0000000000000000     
  -2.3684210526315788       -4.4736842105263159     
  -2.3684210526315788       -3.9473684210526319     
  -2.3684210526315788       -3.4210526315789473     
  -2.3684210526315788       -2.8947368421052633     
  -2.3684210526315788       -2.3684210526315788     
  -2.3684210526315788       -1.8421052631578947     
  -2.3684210526315788       -1.3157894736842106     
  -2.3684210526315788      -0.78947368421052655     
  -2.3684210526315788      -0.26315789473684248     
  -2.3684210526315788       0.26315789473684248     
  -2.3684210526315788       0.78947368421052655     
  -2.3684210526315788        1.3157894736842106     
  -2.3684210526315788        1.8421052631578947     
  -2.3684210526315788        2.3684210526315788     
  -2.3684210526315788        2.8947368421052628     
  -2.3684210526315788        3.4210526315789469     
  -2.3684210526315788        3.9473684210526319     
  -2.3684210526315788        4.4736842105263150     
  -2.3684210526315788        5.0000000000000000     
  -1.8421052631578947       -5.0000000000000000     
  -1.8421052631578947       -4.4736842105263159     
  -1.8421052631578947       -3.9473684210526319     
  -1.8421052631578947       -3.4210526315789473     
  -1.8421052631578947       -2.8947368421052633     
  -1.8421052631578947       -2.3684210526315788     
  -1.8421052631578947       -1.8421052631578947     
  -1.8421052631578947       -1.3157894736842106     
  -1.8421052631578947      -0.78947368421052655     
  -1.8421052631578947      -0.26315789473684248     
  -1.8421052631578947       0.26315789473684248     
  -1.8421052631578947       0.78947368421052655     
  -1.8421052631578947        1.3157894736842106     
  -1.8421052631578947        1.8421052631578947     
  -1.8421052631578947        2.3684210526315788     
  -1.8421052631578947        2.8947368421052628     
  -1.8421052631578947        3.4210526315789469     
  -1.8421052631578947        3.9473684210526319     
  -1.8421052631578947        4.4736842105263150     
  -1.8421052631578947        5.0000000000000000     
  -1.3157894736842106       -5.0000000000000000     
  -1.3157894736842106       -4.4736842105263159     
  -1.3157894736842106       -3.9473684210526319     
  -1.3157894736842106       -3.4210526315789473     
  -1.3157894736842106       -2.8947368421052633     
  -1.3157894736842106       -2.3684210526315788     
  -1.3157894736842106       -1.8421052631578947     
  -1.3157894736842106       -1.3157894736842106     
  -1.3157894736842106      -0.78947368421052655     
  -1.3157894736842106      -0.26315789473684248     
  -1.3157894736842106       0.26315789473684248     
  -1.3157894736842106       0.78947368421052655     
  -1.3157894736842106        1.3157894736842106     
  -1.3157894736842106        1.8421052631578947     
  -1.3157894736842106        2.3684210526315788     
  -1.3157894736842106        2.8947368421052628     
  -1.3157894736842106        3.4210526315789469     
  -1.3157894736842106        3.9473684210526319     
  -1.3157894736842106        4.4736842105263150     
  -1.3157894736842106        5.0000000000000000     
 -0.78947368421052655       -5.0000000000000000     
 -0.78947368421052655       -4.4736842105263159     
 -0.78947368421052655       -3.9473684210526319     
 -0.78947368421052655       -3.4210526315789473     
 -0.78947368421052655       -2.8947368421052633     
 -0.78947368421052655       -2.3684210526315788     
 -0.78947368421052655       -1.8421052631578947     
 -0.78947368421052655       -1.3157894736842106     
 -0.78947368421052655      -0.78947368421052655     
 -0.78947368421052655      -0.26315789473684248     
 -0.78947368421052655       0.26315789473684248     
 -0.78947368421052655       0.78947368421052655     
 -0.78947368421052655        1.3157894736842106     
 -0.78947368421052655        1.8421052631578947     
 -0.78947368421052655        2.3684210526315788     
 -0.78947368421052655        2.8947368421052628     
 -0.78947368421052655        3.4210526315789469     
 -0.78947368421052655        3.9473684210526319     
 -0.78947368421052655        4.4736842105263150     
 -0.78947368421052655        5.0000000000000000     
 -0.26315789473684248       -5.0000000000000000     
 -0.26315789473684248       -4.4736842105263159     
 -0.26315789473684248       -3.9473684210526319     
 -0.26315789473684248       -3.4210526315789473     
 -0.26315789473684248       -2.8947368421052633     
 -0.26315789473684248       -2.3684210526315788     
 -0.26315789473684248       -1.8421052631578947     
 -0.26315789473684248       -1.3157894736842106     
 -0.26315789473684248      -0.78947368421052655     
 -0.26315789473684248      -0.26315789473684248     
 -0.26315789473684248       0.26315789473684248     
 -0.26315789473684248       0.78947368421052655     
 -0.26315789473684248        1.3157894736842106     
 -0.26315789473684248        1.8421052631578947     
 -0.26315789473684248        2.3684210526315788     
 -0.26315789473684248        2.8947368421052628     
 -0.26315789473684248        3.4210526315789469     
 -0.26315789473684248        3.9473684210526319     
 -0.26315789473684248        4.4736842105263150     
 -0.26315789473684248        5.0000000000000000     
  0.26315789473684248       -5.0000000000000000     
  0.26315789473684248       -4.4736842105263159     
  0.26315789473684248       -3.9473684210526319     
  0.26315789473684248       -3.4210526315789473     
  0.26315789473684248       -2.8947368421052633     
  0.26315789473684248       -2.3684210526315788     
  0.26315789473684248       -1.8421052631578947     
  0.26315789473684248       -1.3157894736842106     
  0.26315789473684248      -0.78947368421052655     
  0.26315789473684248      -0.26315789473684248     
  0.26315789473684248       0.26315789473684248     
  0.26315789473684248       0.78947368421052655     
  0.26315789473684248        1.3157894736842106     
  0.26315789473684248        1.8421052631578947     
  0.26315789473684248        2.3684210526315788     
  0.26315789473684248        2.8947368421052628     
  0.26315789473684248        3.4210526315789469     
  0.26315789473684248        3.9473684210526319     
  0.26315789473684248        4.4736842105263150     
  0.26315789473684248        5.0000000000000000     
  0.78947368421052655       -5.0000000000000000     
  0.78947368421052655       -4.4736842105263159     
  0.78947368421052655       -3.9473684210526319     
  0.78947368421052655       -3.4210526315789473     
  0.78947368421052655       -2.8947368421052633     
  0.78947368421052655       -2.3684210526315788     
  0.78947368421052655       -1.8421052631578947     
  0.78947368421052655       -1.3157894736842106     
  0.78947368421052655      -0.78947368421052655     
  0.78947368421052655      -0.26315789473684248     
  0.78947368421052655       0.26315789473684248     
  0.78947368421052655       0.78947368421052655     
  0.78947368421052655        1.3157894736842106     
  0.78947368421052655        1.8421052631578947     
  0.78947368421052655        2.3684210526315788     
  0.78947368421052655        2.8947368421052628     
  0.78947368421052655        3.4210526315789469     
  0.78947368421052655        3.9473684210526319     
  0.78947368421052655        4.4736842105263150     
  0.78947368421052655        5.0000000000000000     
   1.3157894736842106       -5.0000000000000000     
   1.3157894736842106       -4.4736842105263159     
   1.3157894736842106       -3.9473684210526319     
   1.3157894736842106       -3.4210526315789473     
   1.3157894736842106       -2.8947368421052633     
   1.3157894736842106       -2.3684210526315788     
   1.3157894736842106       -1.8421052631578947     
   1.3157894736842106       -1.3157894736842106     
   1.3157894736842106      -0.78947368421052655     
   1.3157894736842106      -0.26315789473684248     
   1.3157894736842106       0.26315789473684248     
   1.3157894736842106       0.78947368421052655     
   1.3157894736842106        1.3157894736842106     
   1.3157894736842106        1.8421052631578947     
   1.3157894736842106        2.3684210526315788     
   1.3157894736842106        2.8947368421052628     
   1.3157894736842106        3.4210526315789469     
   1.3157894736842106        3.9473684210526319     
   1.3157894736842106        4.4736842105263150     
   1.3157894736842106        5.0000000000000000     
   1.8421052631578947       -5.0000000000000000     
   1.8421052631578947       -4.4736842105263159     
   1.8421052631578947       -3.9473684210526319     
   1.8421052631578947       -3.4210526315789473     
   1.8421052631578947       -2.8947368421052633     
   1.8421052631578947       -2.3684210526315788     
   1.8421052631578947       -1.8421052631578947     
   1.8421052631578947       -1.3157894736842106     
   1.8421052631578947      -0.78947368421052655     
   1.8421052631578947      -0.26315789473684248     
   1.8421052631578947       0.26315789473684248     
   1.8421052631578947       0.78947368421052655     
   1.8421052631578947        1.3157894736842106     
   1.8421052631578947        1.8421052631578947     
   1.8421052631578947        2.3684210526315788     
   1.8421052631578947        2.8947368421052628     
   1.8421052631578947        3.4210526315789469     
   1.8421052631578947        3.9473684210526319     
   1.8421052631578947        4.4736842105263150     
   1.8421052631578947        5.0000000000000000     
   2.3684210526315788       -5.0000000000000000     
   2.3684210526315788       -4.4736842105263159     
   2.3684210526315788       -3.9473684210526319     
   2.3684210526315788       -3.4210526315789473     
   2.3684210526315788       -2.8947368421052633     
   2.3684210526315788       -2.3684210526315788     
   2.3684210526315788       -1.8421052631578947     
   2.3684210526315788       -1.3157894736842106     
   2.3684210526315788      -0.78947368421052655     
   2.3684210526315788      -0.26315789473684248     
   2.3684210526315788       0.26315789473684248     
   2.3684210526315788       0.78947368421052655     
   2.3684210526315788        1.3157894736842106     
   2.3684210526315788        1.8421052631578947     
   2.3684210526315788        2.3684210526315788     
   2.3684210526315788        2.8947368421052628     
   2.3684210526315788        3.4210526315789469     
   2.3684210526315788        3.9473684210526319     
   2.3684210526315788        4.4736842105263150     
   2.3684210526315788        5.0000000000000000     
   2.8947368421052628       -5.0000000000000000     
   2.8947368421052628       -4.4736842105263159     
   2.8947368421052628       -3.9473684210526319     
   2.8947368421052628       -3.4210526315789473     
   2.8947368421052628       -2.8947368421052633     
   2.8947368421052628       -2.3684210526315788     
   2.8947368421052628       -1.8421052631578947     
   2.8947368421052628       -1.3157894736842106     
   2.8947368421052628      -0.78947368421052655     
   2.8947368421052628      -0.26315789473684248     
   2.8947368421052628       0.26315789473684248     
   2.8947368421052628       0.78947368421052655     
   2.8947368421052628        1.3157894736842106     
   2.8947368421052628        1.8421052631578947     
   2.8947368421052628        2.3684210526315788     
   2.8947368421052628        2.8947368421052628     
   2.8947368421052628        3.4210526315789469     
   2.8947368421052628        3.9473684210526319     
   2.8947368421052628        4.4736842105263150     
   2.8947368421052628        5.0000000000000000     
   3.4210526315789469       -5.0000000000000000     
   3.4210526315789469       -4.4736842105263159     
   3.4210526315789469       -3.9473684210526319     
   3.4210526315789469       -3.4210526315789473     
   3.4210526315789469       -2.8947368421052633     
   3.4210526315789469       -2.3684210526315788     
   3.4210526315789469       -1.8421052631578947     
   3.4210526315789469       -1.3157894736842106     
   3.4210526315789469      -0.78947368421052655     
   3.4210526315789469      -0.26315789473684248     
   3.4210526315789469       0.26315789473684248     
   3.4210526315789469       0.78947368421052655     
   3.4210526315789469        1.3157894736842106     
   3.4210526315789469        1.8421052631578947     
   3.4210526315789469        2.3684210526315788     
   3.4210526315789469        2.8947368421052628     
   3.4210526315789469        3.4210526315789469     
   3.4210526315789469        3.9473684210526319     
   3.4210526315789469        4.4736842105263150     
   3.4210526315789469        5.0000000000000000     
   3.9473684210526319       -5.0000000000000000     
   3.9473684210526319       -4.4736842105263159     
   3.9473684210526319       -3.9473684210526319     
   3.9473684210526319       -3.4210526315789473     
   3.9473684210526319       -2.8947368421052633     
   3.9473684210526319       -2.3684210526315788     
   3.9473684210526319       -1.8421052631578947     
   3.9473684210526319       -1.3157894736842106     
   3.9473684210526319      -0.78947368421052655     
   3.9473684210526319      -0.26315789473684248     
   3.9473684210526319       0.26315789473684248     
   3.9473684210526319       0.78947368421052655     
   3.9473684210526319        1.3157894736842106     
   3.9473684210526319        1.8421052631578947     
   3.9473684210526319        2.3684210526315788     
   3.9473684210526319        2.8947368421052628     
   3.9473684210526319        3.4210526315789469     
   3.9473684210526319        3.9473684210526319     
   3.9473684210526319        4.4736842105263150     
   3.9473684210526319        5.0000000000000000     
   4.4736842105263150       -5.0000000000000000     
   4.4736842105263150       -4.4736842105263159     
   4.4736842105263150       -3.9473684210526319     
   4.4736842105263150       -3.4210526315789473     
   4.4736842105263150       -2.8947368421052633     
   4.4736842105263150       -2.3684210526315788     
   4.4736842105263150       -1.8421052631578947     
   4.4736842105263150       -1.3157894736842106     
   4.4736842105263150      -0.78947368421052655     
   4.4736842105263150      -0.26315789473684248     
   4.4736842105263150       0.26315789473684248     
   4.4736842105263150       0.78947368421052655     
   4.4736842105263150        1.3157894736842106     
   4.4736842105263150        1.8421052631578947     
   4.4736842105263150        2.3684210526315788     
   4.4736842105263150        2.8947368421052628     
   4.4736842105263150        3.4210526315789469     
   4.4736842105263150        3.9473684210526319     
   4.4736842105263150        4.4736842105263150     
   4.4736842105263150        5.0000000000000000     
   5.0000000000000000       -5.0000000000000000     
   5.0000000000000000       -4.4736842105263159     
   5.0000000000000000       -3.9473684210526319     
   5.0000000000000000       -3.4210526315789473     
   5.0000000000000000       -2.8947368421052633     
   5.0000000000000000       -2.3684210526315788     
   5.0000000000000000       -1.8421052631578947     
   5.0000000000000000       -1.3157894736842106     
   5.0000000000000000      -0.78947368421052655     
   5.0000000000000000      -0.26315789473684248     
   5.0000000000000000       0.26315789473684248     
   5.0000000000000000       0.78947368421052655     
   5.0000000000000000        1.3157894736842106     
   5.0000000000000000        1.8421052631578947     
   5.0000000000000000        2.3684210526315788     
   5.0000000000000000        2.8947368421052628     
   5.0000000000000000        3.4210526315789469     
   5.0000000000000000        3.9473684210526319     
   5.0000000000000000        4.4736842105263150     
   5.0000000000000000        5.0000000000000000     
