   4.1435118336430321E-008
   5.9695240328672128E-007
   1.0954884579472690E-006
   2.5005200723349219E-006
   5.4535844133951628E-006
   1.0279808158930592E-005
   7.6251089136114558E-006
   2.3589052879913197E-005
   2.8528063045207830E-005
   3.8897060772757897E-005
   4.1699277236517673E-005
   7.1465085929922623E-005
   8.5096058635159011E-005
   1.2785503486600902E-004
   1.8401547739976820E-004
   2.1144444029630449E-004
   1.5040513608077788E-004
   4.6314900686361682E-004
   6.5700517993949603E-004
   4.2877452309841857E-004
   1.0282373502015218E-003
   6.4334376896102441E-004
   5.6612692443724910E-004
   2.3538935994800170E-003
   1.4625421731455646E-003
   2.7834817030081282E-003
   1.6047035778425922E-003
   3.0115310316185528E-003
   1.2905868162418344E-003
   1.7279600812507567E-003
   5.4274991023044450E-003
   2.5768259803049531E-003
   2.0688035538052318E-003
   6.6773334094003545E-003
   5.9333568605763887E-003
   6.1266691961598951E-003
   5.6590614262503891E-003
   4.3230959325892826E-003
   8.9358127055696457E-003
   5.9419512363900751E-003
   4.9746488345103757E-003
   1.2796476440019688E-002
   1.0274544159185162E-002
   1.2418955986857938E-002
   1.3962067575735482E-002
   1.4696962422458881E-002
   8.3571113206657444E-003
   1.4707992920842017E-002
   1.1961439077124325E-002
   1.2879066179712240E-002
   2.2079382547183002E-002
   1.9704030701367614E-002
   2.1597607122352258E-002
   1.9028956189490742E-002
   3.5086435214418898E-002
   2.9299194353963998E-002
   2.8103798793852164E-002
   2.5000675985767273E-002
   2.5943295737244298E-002
   2.5268204803479577E-002
   3.9347959028104285E-002
   2.4435840580222745E-002
   4.0389737330192688E-002
   3.8820499571885492E-002
   4.7519173868947107E-002
   4.2293320270976764E-002
   5.7295753381735537E-002
   5.8759773662577786E-002
   7.1033254199541318E-002
   8.0926343552325974E-002
   4.1980044881483991E-002
   6.7216776610726114E-002
   4.4218626564386909E-002
   5.6774764465918892E-002
   6.9806565837870593E-002
   6.5880969988972637E-002
   8.8040356469054615E-002
  0.10256884960956825     
  0.10105576341962497     
   8.7101153682858978E-002
   6.9160408847118049E-002
   9.1809059227614398E-002
  0.10508186728169377     
   9.2999170315163582E-002
  0.12351327529971456     
  0.15434147051113811     
  0.10908600178764516     
  0.11544726986836196     
  0.13334629366635120     
  0.10342009793710538     
  0.11417152348314197     
  0.12520564876658113     
  0.13510363673018588     
  0.12164175886159967     
  0.17081267305251657     
  0.18478398359681592     
  0.17996842271468338     
  0.19634277763834262     
  0.15436860805710673     
  0.21919687848339642     
  0.25245546117266571     
  0.22797097948584089     
  0.20120709795311420     
  0.17301191046622222     
  0.18467753227135120     
  0.19808606451451638     
  0.23004838445528009     
  0.21093694505210081     
  0.28006638364082193     
  0.25370445030038447     
  0.21668644832065276     
  0.27353470736432151     
  0.26336631745359007     
  0.31663275612943309     
  0.30724193449802684     
  0.33304092234266314     
  0.31370028752614942     
  0.29656514898739594     
  0.30602831118058127     
  0.32009035818191833     
  0.37665134157241376     
  0.42016214312374522     
  0.41200300516460509     
  0.39867555535961152     
  0.38606689597534327     
  0.40900042346803467     
  0.40923662822572737     
  0.37409931725397350     
  0.42921684456771025     
  0.42834905639404397     
  0.44871153261484409     
  0.44855629040420020     
  0.49496731515897530     
  0.54947177029542438     
  0.60645327049821418     
  0.52602628855953881     
  0.54333770567011008     
  0.56316554601499824     
  0.60247899940483052     
  0.65819301201737979     
  0.62195632274779200     
  0.64553229418707936     
  0.64093391511395659     
  0.62653593778207117     
  0.68106497304910185     
  0.72747661327625934     
  0.78064865053866228     
  0.80672571451573027     
  0.84555598598610793     
  0.81293426626143273     
  0.82066279874046977     
  0.88662855966615872     
  0.92261484907070646     
  0.90970585802412529     
  0.93676678321696194     
  0.97485645262910658     
  0.98594032630821538     
   1.0671916898235043     
  0.95708658328769580     
  0.95667804845565207     
  0.98123856828534173     
   1.0336795080951244     
   1.0618664353548866     
   1.1658294479544047     
   1.1623459459902126     
   1.2283630487534296     
   1.2365701855763902     
   1.3060145082821002     
   1.3418631476344718     
   1.3421699947397432     
   1.4017142342007958     
   1.3500126599516111     
   1.3321081028221968     
   1.3804585985604945     
   1.4462473311049013     
   1.4384243357754958     
   1.4386124827401829     
   1.4971648781455507     
   1.5654081907636890     
   1.5380472373254879     
   1.5590850997871275     
   1.6234188495922197     
   1.6138238583517968     
   1.6880407404740225     
   1.7513078526531789     
   1.7314562758212659     
   1.8394305628131953     
   1.9379838578039301     
   2.0197872967845676     
   2.2059335975476699     
   2.1937460005964429     
   2.2251876554148282     
   2.2119254595094393     
   2.2813014316067779     
   2.3735443818322608     
   2.3715995599814921     
   2.4211548584399107     
   2.5041917168759902     
   2.6099238228126946     
   2.6393165001145356     
   2.5909707693500437     
   2.6576630634819463     
   2.7544718652630564     
   2.8408130994329479     
   2.9363735949952172     
   3.0045242023428802     
   3.0720656309350236     
   3.1381626991606204     
   3.1272037527566052     
   3.2074396131372556     
   3.4339939833581887     
   3.4665291097365500     
   3.5197087217447898     
   3.7531286702892785     
   3.7490444825276796     
   3.9306320046954060     
   4.0346904947543170     
   4.0666479549870456     
   4.1256645504677909     
   4.3555269807855446     
   4.4988947798994801     
   4.7946524993317148     
   4.8686552226788677     
   4.9047108712187910     
   5.0837720240834798     
   5.3547650829943585     
   5.3899231126732587     
   5.5680005113504549     
   5.6769502639429525     
   5.8263299044739920     
   6.5292016343383352     
   7.0904058451200278     
   7.3241946481363946     
   7.3659248707212406     
   7.4049601836847110     
   7.9890839847753163     
   9.1673477310088813     
   9.3664478661150330     
   10.055753508827621     
   10.437431118111352     
   10.970705112084987     
   11.819822507920135     
   12.108432723444071     
   12.586359639176376     
   12.950511848533965     
   13.468658749463829     
   13.995138253501548     
   14.365951564151072     
   14.898469897032001     
   15.205722521966091     
   15.875601986362721     
   16.647137601163486     
   17.666971157770256     
   18.016455053306327     
   19.141338193654697     
   20.190812170435009     
   21.484244457199260     
   22.421208535036321     
   23.588044069385543     
   24.372172547215509     
   24.893134362716047     
   26.529442058071560     
   28.609553927387829     
   29.561874639891549     
   30.404014537706111     
   31.390682143651503     
   31.943463671286359     
   32.905174912377795     
   33.894595642989216     
   35.841717490215032     
   36.825266323576813     
   37.892498125735401     
   38.354214592436577     
   41.867353095308324     
   44.165471203007179     
   44.473984929828354     
   45.435195485663002     
   51.061087153661191     
   52.539954819949280     
   60.276608737770992     
   63.776538368311151     
   66.327325629071126     
   68.328451546060933     
   69.460794918509379     
   73.401766069359880     
   78.881909025245236     
   86.299094384596799     
   93.695760875893853     
   97.959325139501857     
   102.01985804664687     
   106.55818870409318     
   114.71758118362268     
   128.08359159223323     
   128.82051629826407     
   147.46468147028230     
   154.09998270430481     
   187.57412636787978     
   197.99107393982575     
   242.36866979947845     
   256.06987819358602     
