  0.54274131089902511     
   5.7632919507628021E-002
  0.16038961013999389     
  0.76336991415776989     
  0.30052690708388846     
   8.1400108755983108E-002
  0.78449523553155898     
  0.63208848846810117     
  0.24185430638979655     
  0.69058683653098829     
  0.74027408849316345     
  0.54939085368078311     
  0.68076164354927349     
  0.42976330863591949     
  0.54829658706818185     
  0.54599388557524753     
  0.63199682858345752     
  0.41083874268135023     
  0.52800757312684210     
  0.38417970476805813     
  0.62849104971154668     
  0.34365559470709373     
  0.19192170919522913     
  0.55032961549680570     
  0.71700851988747438     
  0.18001759630519612     
  0.78632463109219319     
  0.61329685912819387     
  0.45824350675110936     
  0.62882633742643701     
  0.24017582049183775     
  0.49212287768645341     
  0.58855551275681206     
  0.66267381812442838     
  0.40310978042416179     
  0.51277076976763369     
  0.71183067013022761     
  0.47669234269145416     
  0.82387378408505840     
  0.22022006125555516     
  0.74071112923401272     
  0.66273778259526617     
  0.71813910622296218     
  0.38905857303981201     
  0.59725503914010214     
  0.82989472843246281     
  0.63030230544580246     
  0.60554417573567521     
  0.41907260159907422     
  0.49328606602830705     
  0.65850632070178361     
  0.52719713191635131     
  0.43897842555985062     
  0.54712617998526392     
  0.75250299444333069     
   8.0103973826334149E-002
  0.78915031070393094     
  0.39291956038069964     
  0.37818905183980661     
  0.55339684378954768     
  0.84034734330279670     
  0.28562029540956380     
  0.78345992560454625     
  0.46183082904520495     
  0.40034288683568298     
  0.46676971604597228     
  0.53240817390795625     
  0.51587648207284331     
  0.78318627805192076     
  0.37146178592408574     
  0.45384541347639545     
  0.39726500087547689     
  0.47464593838078895     
  0.53658919407267791     
  0.66965071723070579     
   7.2214577110052802E-002
  0.47297823789825655     
  0.69238268631788424     
  0.34349653935327384     
  0.50633524166577604     
  0.71219006345749369     
  0.19161748798001899     
  0.35527008692890716     
  0.36608297433914844     
  0.44102879313088417     
   6.7323887706912805E-002
  0.46743508210945145     
  0.33594154036766172     
  0.39235863737730353     
  0.30471187533154326     
  0.82058704261491366     
  0.71353205489435378     
  0.61565896357794725     
  0.81690060246368879     
  0.27786579695213270     
  0.34434471888485291     
  0.60323715605252570     
   8.7480981300709248E-002
  0.58283385396343301     
  0.60521094552851684     
  0.78662491115120048     
  0.57103345404818628     
  0.32710361288925766     
  0.69186229241786013     
  0.57116173539448023     
   9.3062226449477578E-002
  0.73387864321807605     
  0.34270424987635734     
   7.8658101948254650E-002
  0.27986090079520504     
  0.29504909925770800     
  0.63013802776079886     
  0.14576571788324766     
  0.54291225152144973     
  0.78934785028527887     
  0.81650687976676162     
  0.20165233806364319     
  0.21326056194269341     
  0.16955065672373115     
  0.38896540681606007     
  0.37288101476707114     
  0.16249745957860293     
  0.66699132553082363     
  0.64480496115904018     
  0.78795175162072317     
   8.0666632937416105E-002
  0.46821686526504108     
  0.84706281568041952     
  0.42523567188423061     
  0.82162339104414517     
  0.24008990466170835     
  0.23786177777896733     
  0.74224163170060875     
  0.19784104593263474     
  0.79768852292696713     
  0.72207122447049832     
  0.78239782245814182     
  0.67862262825901021     
  0.57972517057671180     
  0.35550849960846842     
  0.60695613538394277     
  0.53600550794841839     
  0.10353814639476361     
  0.51743835724776432     
  0.43220842742030630     
  0.75794442175080290     
  0.22404114102217457     
  0.24161141150800020     
  0.27989497377261624     
  0.57459376425928876     
  0.27500693984600977     
  0.81650493312728856     
  0.75205451657736555     
  0.13540748260958888     
  0.57525235322146873     
  0.69296159237486166     
  0.40021572882775358     
  0.22604211714589031     
  0.36370452091927791     
  0.67368606312699353     
  0.74064847347976881     
  0.21051557273687299     
  0.37707191699018056     
  0.52232078849414876     
  0.79615456401015483     
  0.22172436676971577     
  0.70304360881910100     
  0.44169769406464626     
  0.83727806216303913     
  0.24580319760361566     
  0.35446641990278710     
  0.12692846641960986     
  0.74251685902646680     
  0.66121926684097165     
  0.66307984497795336     
  0.71164251926991895     
  0.50554488837036227     
  0.42500586506783800     
  0.20122238904986117     
  0.17404226984644169     
  0.57062243769569654     
  0.27497096140141547     
  0.83897826861549141     
  0.31947989029441703     
  0.61333158846773039     
  0.46442590854281746     
  0.47112279686079478     
  0.62293348619183686     
  0.32901542834568481     
  0.55138429801408395     
  0.61960906050840159     
  0.34335342139905561     
  0.20855938030390442     
  0.44432154723082218     
  0.28771683009523258     
  0.83904008912969053     
  0.40140098478330954     
  0.68280465431554160     
  0.22799732666202110     
  0.83991283825192808     
  0.48358342891579642     
  0.25653088344980141     
  0.23944916618610235     
  0.50437503538550743     
  0.14505840726452268     
  0.27249957925407758     
  0.37348612598984149     
  0.31375321714564169     
  0.10165406044915606     
  0.57614671763495362     
  0.37526197386214000     
   7.6018468157591418E-002
  0.21810955511416485     
   7.2168288400956404E-002
  0.63341199037720686     
  0.55704780331818349     
  0.30283584810459102     
  0.66878102611922019     
  0.80717571963921764     
  0.62223917158064435     
  0.17312709795853332     
  0.79364048055986158     
  0.61484635471883642     
  0.72289431816393179     
  0.57737883940691903     
  0.75722555565070937     
   8.9971135227497959E-002
  0.77187397802059787     
  0.81332066257298241     
  0.50050407145326881     
  0.67621229881818690     
  0.18541456617412358     
  0.81329139690487273     
  0.52605197308219798     
  0.23916319522571564     
  0.50219742852739613     
  0.72893497101434901     
  0.75569456734977569     
  0.26355874772606552     
  0.31802165806455285     
  0.19679558975264927     
  0.62764107656341106     
  0.27224665367799200     
  0.53709946360326966     
  0.64374161699195409     
  0.13592401229713980     
  0.52593951010824513     
  0.61526588866500742     
  0.27172576101673429     
  0.55644012131500065     
   8.4271707247695143E-002
  0.13157144266947721     
  0.56491544136283456     
  0.31994995172464763     
  0.69399799871500911     
  0.70685943570419085     
  0.42275161939676859     
  0.68472642368946135     
  0.58426138529791161     
  0.28194055801867879     
  0.43458982085646974     
  0.82500048889122468     
  0.31499750439490831     
  0.23832348762619909     
  0.17173849541266648     
  0.22706429796340918     
  0.20950418050606390     
  0.58606693016523914     
  0.76900797284280942     
  0.27677115178131945     
  0.75490005905989066     
  0.83948924864520358     
  0.76240798974371926     
  0.81476459198528983     
  0.22897172543920216     
  0.48308565087464306     
  0.71113413472595421     
  0.75303748030073470     
  0.73933285047751041     
  0.65692206582376056     
  0.55456622073994288     
  0.16674440218475259     
  0.48043069330551985     
  0.44997992843700685     
  0.30321493839687508     
  0.30373931975736507     
  0.41979805519275137     
  0.10178570752514632     
  0.32291757286729550     
  0.59771284387131740     
  0.76752686644776602     
  0.70030629878855477     
   8.8104113322699490E-002
  0.80751006926182434     
   7.0235804353668080E-002
  0.70270251432148356     
  0.27002963339429747     
  0.14198058551738046     
  0.34957848818419462     
  0.68385750186949978     
