0
0.9405727001458432
1.8068225278656482
1.898905799169856
2.6393223695541153
2.76515562688966
2.8155722528280465
3.438072225211245
3.5976554685781283
3.6818220805478514
3.690572061120416
4.203072094837038
4.396405324235258
4.514321922236318
4.5239052240469615
4.5568218888402185
4.9343219784314964
5.161405193861051
5.313071777893448
5.315571741607683
5.389321730528686
5.390155051766765
5.631821875994612
5.892655077455507
6.065571613802584
6.0780716475192405
6.181821569327487
6.188071586185816
6.222654893455233
6.295571787526397
6.590154975018627
6.773904840631664
6.809321531113698
6.925571713026841
6.9318214415223895
6.9530714558116085
7.014321411015955
7.021404749112363
7.253904886550408
7.440571422094919
7.506821428676816
7.521821652495952
7.640154668351468
7.684321339406066
7.764321283210857
7.786404618738155
7.813071266673084
7.883904812050853
8.065571358192352
8.084321605933717
8.170571340208598
8.306821249814723
8.381821236969184
8.472654510039934
8.480154751519963
8.517654502332611
8.563071138867986
8.578071136298878
8.613071573340154
8.648904648923965
8.800571265709042
8.931821185912158
9.042654704957732
9.045571148500967
9.108071554715249
9.139321091503193
9.190571294289755
9.21515439989573
9.271404365697066
9.309321019893336
9.32807100849378
9.396821205178153
9.515154476643767
9.56932155005901
9.571404672364165
9.675571074001413
9.690571294289725
9.764321027600626
9.878904311427512
9.93807094716032
9.95932115861592
9.996821559371432
10.006820917456453
10.036404235322859
10.056821122009561
10.059320892088238
10.066404653739262
10.148904648923867
10.27182101347052
10.347654318332236
10.39057158265252
10.488071126022355
10.508904236927957
10.527654649083024
10.556821122009527
10.563070883257756
10.565571358192194
10.670570828988236
10.703070816786118
10.750571619902267
10.756820789651352
10.767654118917317
10.834320966908288
10.889320963698028
10.940571422094694
10.955154658395443
10.983071107397453
11.015154476643673
11.07682167112068
11.105154176397063
11.146404173989367
11.273904840631372
11.300570754488685
11.328070752883553
11.348904681676533
11.363070934314726
11.369321736307757
11.389320963697994
11.420570701183138
11.431821185911994
11.434320700380573
11.444321102741213
11.465154016480431
11.565571613802225
11.628071815463487
11.667654129834835
11.688070819355161
11.708904718926279
11.806821249814494
11.815571741607258
11.84765431833214
11.853071908587893
11.85807091568982
11.871821112053635
11.896820693957787
11.91140404361516
12.023905224046464
12.035154770144693
12.044322015680955
12.05057062668358
12.059320636478008
12.128903928012214
12.13182059794369
12.140154668351176
12.188070819355126
12.190572061119859
12.19640409724127
12.20182213674268
12.264321027600465
12.265571135334726
12.315572252827424
12.319320911033582
12.325572271773071
12.327654835331767
12.398905799169171
12.431821441522033
12.440572700145092
12.453070688980956
12.459320647395561
12.5864049144875
12.625571172584472
12.639321091502964
12.642653927209615
12.64640417398927
12.646820566152694
12.681821569327063
12.691404078616367
12.746820920346005
12.756820534041125
12.75890385351266
12.795570509475471
12.811405007611905
12.890155051766277
12.951821223802884
12.95307068898092
12.972654510039645
12.988070614801993
13.002655114704964
13.056821888839664
13.063070883257591
13.14057094362709
13.152654073960127
13.160155235766695
13.18182208054723
13.184320572575407
13.209320519590461
13.244321288989955
13.2643212832105
13.265155626888975
13.283905370797081
13.306822527864895
13.340153824772734
13.355153792981767
13.411404043615065
13.420570445572903
13.425570434975915
13.438070947160096
13.48307059617709
13.500570980876837
13.503071368145692
13.51432141101553
