   2.2088592790685726       -1.8267474467948577        3.9797656752483666     
  0.85052315406375767        3.4346576303228709       0.34511030730486469     
   1.4866728939892373        2.7152468438694424      -0.23334943295139521     
  -1.8954797704301425        2.3148604835516124       -1.5694307496821742     
  0.10821266732438151      -0.26722116232159721      -0.35617170071761173     
 -0.48687412832312127        2.7010620329758295        2.6494086996972066     
   2.0472961471177240      -0.53057689664829866        1.1711226968200976     
  0.51460545712308736        5.7339351847951177       0.61234665605866878     
   3.3277430365476479        1.1633928470493311        4.8061797729165558     
   1.1109958383032246        5.3135651915202464       -1.5351851296426977     
  -1.9028939131469993       -1.8462850165162492      -0.15973641392225657     
   2.5147945087586572       0.85097015680132770        2.9488821277257080     
   2.6992518616263932        1.1628575711665539       -2.6131689580994157     
 -0.88300118205233291        3.0755767256260640        1.4681858759308644     
  -1.3278497450637468        2.0046681094818490       -1.2646346886270092     
  0.83870941017426048       0.75140884260464746        1.2259558596985554     
   2.9560989486032221       0.67892356681181409        1.0906304256715917     
  0.43121672008239464        4.5462918198817661       -1.9713899702335078     
   3.5021383385853642      -0.22801220390811983        1.3190015106269279     
   5.8635680036387861E-002   1.1174037274540014       -2.2812073832006194     
   3.3133628586407764       -1.6299889535504337       0.33110073547053354     
   4.0616209543727955       -1.3702017251089182        1.5812165074687852     
  0.12283726751862156      -0.18759887475839232       -2.7275051411344426     
  -2.1501270568206508       -1.9088676884776927       0.93466723528652684     
  0.93122324594339245      -0.62884462746159864        3.1717799390970227     
   2.9204947687431511       0.82425096898600003        3.2585489001354619     
  -1.1166892573009570        2.3329483477571467        2.8328135782810606     
  -1.6697354195210079      -0.45940750740062741        1.8530473932220199     
   1.0234722909012079        3.1918877143213340      -0.45115057213208365     
   4.5114598057513255        2.0827068725585027       0.24269983506071169     
  0.14510006419313948        1.6409258439725187        4.1609611589909630     
   3.2070595321592488        1.1550737677044927       0.11274724757953125     
  -7.6713161594144985E-002   2.5580764627887973       -1.2674717524572592     
 -0.33303066694834094      -0.39646798485066537        2.6076059450302504     
   3.7484956357292769        2.4283612738622988       0.20539119035494791     
  -1.4473518750631957        3.5828621403669869       0.43406355642500083     
   2.0364804609016498      -0.44455360165354207       0.44772163362549611     
  -1.7414733608637827        1.8344726819202757      -0.57482646972333118     
  -2.1325490206540367        4.0783491825250149       0.71706695018231725     
  -1.1102018824237072       0.51014439002342371        1.9056083943603217     
  -1.1170457064700368       -1.0646372571090055        1.6569510476807205     
   1.1146927253996792       0.32850744046747415       -1.9680633245918431     
   6.2862148755475467E-002  0.27194662218728149       -1.9112216209486064     
   9.0889237707110215E-002   2.3324019202934778        1.6519296957687746     
 -0.64034077200487483        1.9228266573212949       -1.8106941556714335     
   2.0318466217036142       -1.7604066920730783       0.22456020127880416     
  -1.4438383046822676       0.87564860531356459        1.8799994996093932     
   1.8444562013874513      -0.16706881433768350      -0.67727460210682366     
  -1.0722756908336315        1.1995351207177274        4.1953950797271382     
  0.15553893271618646        3.3422444794774533       0.33357375128716704     
   2.5766231632010173      -0.31654460460339795       0.10419839594944191     
   3.1358613567010809       0.66122600793747122       0.33397545944012297     
   4.9031159684740810       0.47896456985161429       0.99870202554362786     
   3.1528894427211145       -1.1837807473506414       -1.3759957206542075     
   4.8157553692636430       -1.6265208118932690       -1.6572165344827825     
 -0.42946544357734906      -0.67328367731305105        3.4624534478998377     
 -0.45081165667423351        5.1717505373267914       0.30562992789718368     
   1.7698462981680918        2.5603179305479289      -0.32344503963149895     
 -0.30318059510341300       -2.2118449897108459        2.1739745472943128     
  0.85440335787573884       -2.9084173384990857      -0.79545211935448945     
  0.70905357098702781        3.0716848238950334      -0.98425495124368512     
   4.7234044816860905        1.0540069900875002        3.1637332226581276     
  -1.6798076546130016        3.1323048176196249       -1.3868167340244524     
   4.5019578893298586        2.7053330884571611       0.19892619976831627     
  0.50182420834608799        3.2699599321406616       -1.7380100867460049     
   2.3814315982129961        2.3166335849133137        1.4565739996344873     
  0.18619356125703712        2.3794392884925815        1.0773615032442723     
 -0.68003393304738857       -1.6394956762601862        4.7578429840741787     
   2.0469040530317364        4.3172327725859665       -1.0418184742242644     
  0.81273445001032707        1.3721448655422464      -0.59953779781999872     
  -1.3521137492160977        4.4436470935686687       0.38253820911853742     
  -1.1648862770915138      -0.73157856642182617        1.8204525426235958     
   8.5904041470981962E-002 -0.99636170310260175       -2.8369517827452109     
  0.72470168950962499       -1.6730842379044961       0.79122604123187967     
  -1.1824439447341804        5.6709008738075797       0.21758679881108822     
  0.15340532983269561        5.7461963479849976       0.18263818950393906     
 -0.21469463494488084       -2.0190508834732452       0.52147901652210260     
 -0.35483007970305547       -1.6158097184472664       -2.6753144646996465     
 -0.41186194675580090        4.2590215203338762       0.50500898225091762     
   2.3803367900508232        8.3065225478544669E-003  0.40548578735613416     
 -0.72284857038484240        3.3791171816942231      -0.79562158998151755     
  -1.4355839603525802       0.33268370751123033       0.85821087573724908     
  0.36271228191627092        3.9575719856828178        2.1525145445606308     
   4.4872569071708170        3.7006395619494503       0.77063849839289800     
   1.7388301283271743       -1.3562232184617924        4.7601779127132335     
  0.57798721151643750        1.1966858918000245        4.9039894314713877     
   1.0303313913404977       0.68995805610366157       0.83066876050022076     
  -1.5387097970983121       -1.3194676078443803        5.5398934376003179     
  -1.2810887062114824       -1.1997442353964014        5.0817452891543002     
  0.42506033371929020        2.2635799388234057        2.3337602418223473     
  0.61929457808178290       -1.1693227227251937        2.2453844481720853     
   2.0255374714109045        1.8585545208548337        3.4790301858991515     
  0.81320292606111710       -1.0676203049974027        6.2781325956947214     
  0.20768744615254064      -0.62012966699512173        1.2415157739357006     
   3.9633173656716134       0.38618899262723261       -2.1890718523062871     
  -1.4415112008212763       -1.4171554564513376       0.39732609049922063     
   1.1343738116638638        3.2533050460796460      -0.51535483301621232     
  -1.6122809055963538       -1.9609957533536311        1.5269294166107508     
  0.60707346371333770        3.8678017595086160        1.1469135039146248     
 -0.67956545699659809        1.5739661765112780       0.96534141877863133     
  0.39426312551080755        1.4094580552042189        7.2195356521464902     
  0.99713069730622106      -0.34700514780772451        1.7281349877224552     
   1.1199936337569922       -1.4814331687082440        2.2853041958720612     
   2.2532983061908332       -1.0359052089428151       -2.3718992754202670     
  0.61265443927492758        2.8345854867766747        6.0743159215888056     
   4.1971887576357645      -0.83348171260565884        2.1580631384233322     
  0.99020539916410222        9.0939736951684669E-002   3.6437807421301227     
   2.3394164254404779      -0.24735462096391547        1.5115138662410748     
 -0.87489960165225078        1.8627029089463623        3.9454635649998804     
  0.62779843682982639       0.69318086298121973       -1.5622941532773198     
  -1.0075496138597524        2.8578365329348374      -0.29530663885492769     
  0.37294746519984434      -0.84627257588787153       0.16906798596190331     
   4.1532640357431756       0.71628693858779702      -0.72262368656159248     
  0.80321216506491311        3.6158763955954001      -0.32272322029415701     
 -0.84447921113679536        1.5832108370700864        1.2070316396804066     
   3.4026024541853626      -0.53219945166796911       0.21400908557382614     
   2.0938840535164354        2.8841988701616463      -0.50514893525518056     
   1.0697546694407083       -1.8146312541565635        1.5759001511320112     
   1.3718402481047316       0.35026975057666077        3.5172301205692862     
  0.49354949549245308        2.1163233131550410        2.8644543720162141     
  -1.9545841347945367      -0.69565932437125433       -1.6571725976535530     
  0.79516659810568635        1.9266572253574239        3.9757799771682589     
  -1.0819150947917429       0.60211705342363819       0.50512196266893605     
  0.94450861568808975        2.6697093633002060       0.94137701677886598     
   1.3130974250404042        4.3815216364237646        3.2371391109208987     
   3.4731386526152401       0.19209572721580681      -0.21273050666296411     
   1.0307082090335249       -1.0295822625775020       -2.4379928199612655     
  -1.4575514134298608        2.5205904236230108      -0.23698363639766695     
   1.6104371376246820        3.6974836645572395      -0.99299838026036236     
  -1.8297250829969192        1.4807278086799114        3.4659621175483104     
   3.8783500680249960      -0.32243821510439963        4.3581559252630004     
   5.2296794207919017       0.27403754360438226       -5.6014113491107853E-002
   1.5239116478960884       -1.1380202351635811      -0.54408951933232741     
   2.2916420525218304      -0.44278607608228571       0.16442323544335258     
   5.2423079056392954       0.41008683047708550       0.69226774842719019     
 -0.48662461390476563       -1.5743592922746568       -2.2880050383514172     
  -1.1613930752345332       0.82242768551028789        3.8470827276650650     
   1.4953142402739252       -1.3443690879744414        2.2434637810657656     
   2.7588145177796046      -0.43761174254876689       0.86922018980419180     
  0.57987129998157272        6.1391446038483943       -1.5723619638607733     
  0.32958287771581007       -1.8086317036370949        2.6439668095626350     
 -0.12536847317351851        3.2543644462643107       0.33173468114941684     
 -0.82799852919784822        2.9815134191766290E-002  -2.1081998414194407     
   1.2104833474588506        2.9984551800777117        5.8669121192107916     
 -0.31927427508735962        3.7485551171437361       -1.4626548396195727     
   1.1081518831470674        1.9800036004457260       0.65354371015124579     
   1.0841984989849149       0.69088084942240879        6.1551377189565333     
 -0.63751209324167846       0.93746460608873772        1.7046130923599301     
  -2.1887788770763525       -1.1836552920656151       0.84013714719918520     
  -1.7425452544365150        3.2738546217669144        1.4526465836908642E-002
   3.1719722035943430       0.59319300081545157        2.9421754845783146     
   2.3740149094306457       0.76537340977565904        1.0342626121150453     
 -0.26326083423198465        3.8850058609285227       0.82241177495001372     
  0.48589347655372084        2.2425118146246961       -1.0803793185630699     
   2.3487172026879644      -0.48239927930306958      -0.17894622333039800     
   2.9744382583523703        2.5779513678321475       -2.2871106100421015     
   1.2669041587931740        3.7625168964195250        1.2806603504342697     
   1.0622615986935551        1.7854977265413261       -1.0959706162496645     
   1.4251472213405951        1.2496865678806994       -1.8911519050255445     
  -3.5825224264662836E-003   1.9005820413385628        3.3406950790699645     
 -0.40834583030937921        3.0789026846268657        2.7855344116851373     
  0.27179992134250419        2.7780776385057155        6.6142148175062605     
  0.74565326245502872       0.61627677326024610       0.38211453255096695     
 -0.10159585966139861       0.80763790135332680      -0.20588577633799199     
  0.23929175712243911      -0.51199557498832782        3.5854357712582465     
  -1.2425590970994647      -0.75786563047761968       0.49750519948750194     
  -1.9375331341850619      -0.83690803583448181       -1.2175877595570137     
   1.6551485937547379      -0.83119842641818487       -1.7767655084713987     
   3.7366487929883649       0.11338508139045800        1.6590443237590136     
   6.1007011564204490       0.29680628388900043       -1.1746049871907500     
 -0.28430151946965809       -2.9776993226809205      -0.67643666400651759     
   1.2734831920281873       0.46947736240842142        4.7691190574614435     
  -1.7382882329315066        4.2540562789420671       -1.0180894480953713     
  0.80362208160935467      -0.24788153316102468        3.5805650599036585     
  -2.0043011556846686       -1.6895579107760290      -0.62612271784881157     
   1.5411255966971420        1.7308549801744206       0.97709452059753188     
   2.7728509768448624       -1.0759533238183558        1.7252759554775907     
   1.0879666759151854        1.3056675039545498       -1.0071429009273274     
 -0.81168334151597366       0.18337240306366143       -3.1406149012752427     
   3.6752682460728479       0.38591856679062086        4.1801772450889949     
  0.88722468815149513       0.42909748800136738       -2.5432121109311634     
   1.7893058767343475       -1.1410451014803202       -1.9197610575438608     
 -0.30213416218561484       0.44319308624785059       0.99001194839101503     
   1.8305317692039034       0.23193753784486004       -2.3714818755425862     
  -1.7232868150442398        2.6518305912363820       0.10575187669720032     
   3.4675907759050646       -1.9072925276768098       0.34677676847064198     
  -1.9360971532467697        2.1597336296692795      -0.86839039422046005     
 -0.68074428532005449      -0.11126351566287029        5.4737779246447040     
  -4.1987374329305993E-002  -2.1867065384868467       -8.2649247039039864E-002
  0.88812090320518111        2.0890772131426036       -2.9484352102252624     
  0.59611774389512506        1.4039240831869586       0.90796305814980593     
 -0.40112518857002266        1.4424639467469635        6.3695871057359970     
  -1.3581199177150900       0.31856301820774169        2.7905683169768634     
 -0.99767851794173934      -0.43010951650420859       0.48074643748138035     
  -1.1870243165568539       -2.1462039966899895      -0.37368680385547082     
   4.3584692763168427      -0.35057644158813339        3.4537382639876646     
  -1.4126668248462515       -1.8805733398614823        1.0219979600701152     
   2.5437152666984848      -0.43746955989240366      -0.22651097931631314     
  -1.9112882910788254       0.32262219365214051       0.80748580639175183     
  -1.1067954977139305E-002   1.5891741449516585       -7.4966578613761659E-002
   4.7144296008217630      -0.35066565423526264       0.54366397693807267     
   3.8882822695148511       -2.0824615603158607       0.79633840514723042     
   6.2653704882732786       0.69169491482746670       0.67823620817824404     
 -0.20579104391436998        5.6114155534386692        1.6529810413253379     
  -6.3374324474085864E-002   2.4814790415423316       -1.1995485528133454     
  -1.8512622510058108       0.75925119186638756       -2.0961938800774682E-002
 -0.96971253456194662      -0.28953268778967622       -1.3839577017795879     
  0.36532199904703289        4.0974100221633076      -0.57190467057956695     
  0.38846064225128973       -1.9901041673748994       -2.0538060468332784     
   1.8642009392889709        1.8297137447749545        2.9660394595398416     
  0.94061058941765419       -1.2170765799965573       0.80243934772024561     
  -1.3654322178122100        2.8581571408854600       0.78155052376654721     
  0.20261822975512933        1.7906386053321715       -2.2792647476796848     
  -1.1016190956453678        3.7554579457153920        2.3267209341107873     
  -2.1344254709226917      -0.66998002147403168       -2.4436135957577005     
   2.4198135355263957        1.9848099318098358        3.3102531331037874     
 -0.71693915237460004        1.5498090644057045        4.0264987698238652     
   3.2628260046617616        1.1430886061416698        1.8041488406344937     
  0.14171634315237602       -1.2859933499042051        6.6419201266804251     
   1.8554424739915851       -1.2640470387103133        2.9331496045165903     
  -1.7998113595146557       -1.8635560274215033        2.4896638036534573     
  -3.8015512159561560E-002  0.39816300260916426        2.9821579991771903     
   1.8626071022900859        2.7019067652283386        1.1744901409460469     
  -1.4146069267522423       0.80917124372586713        3.3372868364597310     
 -0.89512809199752175      -0.63892844448247077        5.3610925110507299     
  -1.3086906022257152        1.1435402451677632      -0.65288024684959733     
   2.9440942498017173      -0.82752398051453246       0.91478582006016351     
   2.0485309888820358       -2.5618178407147605       0.39256522121770621     
 -0.62113070785697477       0.36159139307645694        1.6524224159251344     
  0.56855403886329370       -2.0080749399810767        3.3835837010878795     
  0.47925842987785217        2.5003753953624788      -0.81748016252321065     
 -0.89765378896700021       0.10626479699142344      -0.64514736490519953     
  -1.4718832160923565        1.2260619437626818        1.1328129200768893     
   3.4217768734163552       0.99482276240265133        1.6437856906365860     
  0.71422972213516323        1.4216160662708557       0.16389285514765328     
   3.5091171041028448        4.0251979601023082        1.0380097959793351     
  -1.8003460332682750       -2.0570080769316847      -0.21054935692621246     
   1.7343261384693043       -1.7137178107768249      -0.77535101998197753     
   3.3986789672599929       0.79672607945128249       -1.1364866494891843     
  0.69764974364197219       0.78530686061868860        5.2522798151188450     
  -7.7820700083785610E-002  0.67735955759182254        4.0059802705736729     
  -1.6790311046375066       0.33665645820372214        3.6198383085449719     
  -1.7957020098082659        2.7411157236418155      -0.50570442231043966     
   1.3589749791664496      -0.73603641088308525        1.4160673814298028     
   5.2157957256562497       0.97666798871176930       0.27421195665312226     
 -0.51183320835517776        1.6707423833803787       -2.3935318871259224     
   2.0256163994412009       0.67073551854244640        4.8398008623119839     
  -1.4601713148225963      -0.58252374833475518        3.6603857252339416     
 -0.55874191900606096      -0.32202281871620242      -0.38802904025396856     
   3.1877629017845721        2.0389006749226262        1.1320346105305377     
 -0.12367024748940336        2.4382164834749007       0.34508833889025015     
  -1.4873836628163348        1.2286714136912238        3.1331437744795374     
  -1.4524312757225808        9.4332605437833728E-002  0.47815416455683790     
 -0.31831186233084452      -0.86773658120821828        1.6768512929767545     
  -1.9701176803699296        2.7815959622768904       0.77802930073829435     
  -1.9189519482140380      -0.81081891233950731       -2.5870798965719080     
  -1.7052046579099274       -1.4104617200213916        1.3785327758880013     
   1.3569177582477612        2.7532709468132293        3.0641001856902705     
   4.0155804520551719       -9.4663094975038220E-003 -0.84934064040451229     
   1.7660806673033149       0.70940920107314609       0.15513059606130630     
 -0.24698129146701797        1.8902277984810789       0.36843762528080237     
   1.5206806907849306        3.2662436678086673        3.8327687363710718     
  0.92942317763953985       0.42651589702505355       0.49467441234714249     
  0.44709653056489351        2.8559547036594468        3.9879285104502249     
  0.84615665174253163        2.4953571839614366        2.2732372595586647     
  0.13961329305480641       0.14014329973890449       -1.6377933176183836     
   2.8096823602727654        1.8590925846328341       -2.4394269355814124E-003
   1.3116894508225392        3.1239160408942155      -0.13330841114069214     
   2.8551347214614089        2.4387629109385704      -0.80175077765903735     
   2.8515498612466650      -0.74612859158962630        2.1439751079653768     
  0.92297653981018479       -2.1356155706337900        3.8352668589472656     
  -1.1836176809266499        1.2216347661488731       -2.2064237615070081     
   1.7303848290854797      -0.57885487822154857       0.77846866903058975     
 -0.37682044736977671       -1.0236245304863756        2.9485463248165966     
  -1.4499972371108656       -2.1245085960661498       -1.4762689799908379     
  0.35742410388642520       0.79238811448460389        1.1018939456790773     
  0.43840935510132351       0.86572091042516863        6.8437094299518932     
  0.19463886049873169       -1.9248506917900123        1.3274530735637229     
  0.49348584385511751       -1.6770594981243114E-002   4.4274348899231395     
  0.50261094258355676        3.9671093752400211        3.2207035984441084     
  -1.8991639271991301       -2.1722373622805078       -9.2083111943609630E-002
   1.7873759590903311       -1.6640821242300707       0.37711201070868983     
 -0.21493141903576962        1.9900679022000389       -2.0909828810513535     
 -0.17517206029042720        2.3033827189193392        5.9118469421328239     
 -0.89640112474423450        2.6740389645812170        4.0773211278626569     
  0.61429155938720070        2.0176123070013157        6.1125754848128935     
   2.3871678837696853        1.9490969940057514        1.0992577359253048     
 -0.57743003972780871       0.58066419968418259      -0.78123855509873508     
  0.83761205594659360       -1.1243679122575232       -1.2223141070441335     
  -2.2680175273627610       -1.4599858907592338        3.3481204032097556     
  0.83875269328764857       0.93412470761182131       -2.0496320480564725     
   3.5560359990157022      -0.93653068372606318      -0.49497128259865342     
  0.96515975290526912        2.4399895848366029        5.0477978118845961     
   1.1709633188698905       0.61737520397803003      -0.22321571712409805     
   1.7064110763993798        2.3734369500778900       0.63282435682457594     
   3.6761288162096259        1.0616541866836435       0.58943987630535633     
  0.92287469719044779      -0.67397786322352848        2.9290885861578038     
  0.69800619281105192        2.5483829510991169        2.1312961943877116     
   1.0066300676621940      -0.69289094441501264       -2.3344933420212088     
   1.5905062860217090E-002   3.3609317411558903        2.4088765280801252     
 -0.19022439948756231        5.2517045844215096        1.4104309139086424     
 -0.92805381095850814        1.4919267837899044        4.4730538720431756     
  0.18618592306055692        4.2166802560048566E-003   4.6261046783193116     
 -0.39912398109218961      -0.61384853905815051      -0.20242732020863885     
   4.3381071175331662      -0.62819365392707427        3.2517590908470262     
  0.55184293799719120        1.5107687736532069        4.9059932647187487     
   1.0561675909350394       0.53745879346881953        2.7265256808574008     
  0.83195087932196055      -0.23333847773128191       0.43196871117423497     
  -1.0618330032123442       -1.3085293009377195       -2.1923906520855896     
  -2.1750950480819338        5.3212544849126076E-002  -1.9706477516540233     
  -6.3290555233219692E-004   3.9072881134967625       -1.4499335583851503     
   1.0894904961130005       -2.1352629018881055        1.4178609455658511     
   4.1079427969274445        2.0520219037887406       0.89965742825295125     
  0.40103438669057434      -0.61133246361957205        1.8454792743872326     
  -1.4487534841173269        4.3574551309129328      -0.21608696658160609     
   5.8764195201372882      -0.87361764618071769       0.10889492915958465     
   2.8909234910697532       -4.9069755085007660E-002 -0.38806826956578089     
  0.56451215989247983       -1.5490912039227973        3.0885149401896386     
   2.1284074285745471        7.8593542957509310E-002  -1.3283666285969202     
 -0.84849308338718199        3.3118383002299705        2.1160799289220402     
 -0.31174174032505819        2.6620133785376634       -1.4707721688197291     
  -1.0430532241328332       -1.1305946762376498      -0.72038133909841351     
  0.69853704746643119        1.1418298714485751        2.2747546493395556     
   1.3425083005877165        2.6406023432265497        2.6957447936371675     
   3.3748185144883505       0.79485958359961728        1.6401813014672917     
  -1.3418798389652715        1.4768010582585953       -1.6269111065217117     
   1.3682744833811884      -0.20896112190310712        3.1662705745461337     
  0.42382676498772520        1.3704595828800628       -1.5795095444729346     
   1.1119569780269933       -1.8174651496505410        2.9985574206871140     
   4.4791184088210798        1.4612780576580384       -1.3125744768338481     
   2.7635998478744992       -1.6961359495542285        3.4372227237147777     
   1.5904543425995263       -1.1307954046936914       0.65408821299919806     
   2.5199108273676969        1.7111626822681636        1.1859498075125923     
   4.0939903580234684        1.7789642940866912       -1.5930671946351906     
   2.1850522936722920       -1.1059942887916510        2.4358647254343659     
  -1.3603744587095190        1.6064270345379645        2.1438228982355461     
   2.8723677657536633        1.1510856835882750        4.4946190093325153     
   1.6137151969474677      -0.39697677572882650       -1.5013270952039246     
   3.3122871459698042      -0.41553300633179191        3.9924336046187245     
  -1.1948598331128728        3.5947539074398458        1.6793980598995950     
   5.2960184302558666      -0.88122302434851951      -0.86220942385134824     
  0.67806668089928523        1.6517024529562576       -1.2084818516991929     
   2.7932971557898214       0.12134870409438969       0.96295156910303925     
  0.83490431529433495        2.2529064819629108        4.1594437692100712     
   2.9892423561638961        2.3983230967842255       0.54145928961423317     
 -0.56009515281581690       -1.1198668554203102        1.4914990713545495     
   1.8887004544994634        4.6146217378450149      -0.96623928208710419     
   1.7981012599813879        3.9944154149997484        1.9461448268419841     
   2.2351283097969969        2.8357215540799663      -0.78185523988042105     
   1.2633052952182164        1.5817485860257277        1.2515914303815161     
  0.28186833733625782        7.7801780714233715E-002 -0.26867307447946809     
   2.9858306284027054        1.6846999808133338        2.2247294309167871     
   3.1996186557547106        2.6610431910001289        2.3468487094153310     
   3.2929064954338449        1.6583822499100895        4.3113020044071195     
  0.39112509979015986       -1.3705655454354937        2.4184531876796904     
   1.4457257956912115       -1.4519274796177266      -0.55900764202822639     
 -0.86357597537023834        2.0145191372516180        2.0014801249116370     
   2.3797448298236019       -1.9251113599933443        1.9114974986495512     
   4.6518944132049764        2.1843800173864549       -1.2684242401480565     
 -0.63838157460768352        3.1353868357884318       -1.5443977412286474     
   3.6140773810365903      -0.23203374276701094       -1.2079671631282185     
   1.8587994613446672        2.0411045060962509        5.1157225807009823     
   5.9970724717397665      -0.44333389749356655        1.1380586636524010     
 -0.42438986201620388        1.8148166266519157        6.2317180431311368     
 -0.58391614157231198        5.6236613832048237       -1.8428166853556400     
   3.6996659186636038        9.3904663521133802E-002 -0.93334942706385293     
  0.44192419851499798       0.37233733521274459        1.3530729525219587     
   1.8598993616378272        4.5806763256121865       -1.6239861690330026     
   1.2459105757671289        3.1746850068490389        4.5639262190971586     
  -1.9967584366603939       -5.3385416889903947E-002   1.8459688561986476     
  0.82827436074945338        1.1968406199848900        3.2573704516086264     
   3.8108780594164569       -1.1555184595294934        1.1234967431077556     
 -0.60501793238182744       -1.0620236053376293        4.1294979045002123E-002
   2.2237423049103957       0.95621180751446477        3.2067803310957639     
  -2.1299074777046068      -0.57217926311055090       -1.8318450314280366     
  -1.7243294288637978       -1.0112839122826456       -1.6777899547695116     
  -1.5987778472519683      -0.41204256151284469        2.0656278955867555     
  -2.1428618589351593       -1.3229036887064829        1.6934452918732661     
   2.5451576128005109        1.1440044297223597       -1.7222791327093594     
  0.22538642043009238      -0.87233521437822903      -0.77339426190879079     
   4.3276071434382768        1.6158055140674676        2.6357019781500646     
   3.1508767779485614       -1.2387315561396661        4.9806170535751537E-002
  0.53914825544696843        4.3644527479221633       -1.6076604986292860     
 -0.83271256945892658        4.5212885815760728        1.2547109452568130     
   1.5453533384489764        3.0078852356688373       -1.5062291900079625     
   2.0362347655815349        4.4732029647731961      -0.91581863220126936     
  0.53548192113643500        4.2037807704416794        2.9763316617868596     
   4.2767723997965312        2.0655320440384353      -0.91541692404831343     
 -0.44676977770341963       -1.8391270955317069       0.36763891649230818     
   2.0337905427078451        1.8116328503074763       0.13966953968992790     
 -0.21489450108611496      -0.11107812063055400        6.5943161413826985     
   3.9859098778275297        2.0864078034667717       -1.7941535086389866     
   2.0790901399668829        6.2105300549758313       0.57150580411734397     
 -0.32472158221054448        3.0302776100983770       0.97642762229672675     
   3.6499107067910699       -5.7193681764250659E-002 -0.56131118721783180     
  -1.3988353240532141       0.91767751974490519        5.0942251405829531E-002
   2.2049268809139764        3.7089628231371234       -1.3461987045742210     
  0.78735908827009515       0.75343703637923554        5.3092015465581781     
 -0.40216271025859385      -0.92875663789728158        1.3957607204633953     
   1.2915207930163644        2.1312371586494168       0.91330922876355602     
   2.9764050939460422        2.2975295328990679        1.2322655022104114     
   2.3715414068037828      -0.19186017260644439        4.6516053001696385     
 -0.51084915404196840       0.76110932403238474        2.4128232196034105E-002
 -0.58578495364448635        4.0975954171956239       0.35094292138508543     
   2.6127250988650528        1.5680600204817727        3.9331753753678638     
   5.6054315854099706      -0.77680519667371994       0.10931546738220987     
 -0.22021068583638881       -2.1684332792489958      -0.83058118349597398     
   2.3395424556824032        1.4883931265950032       -1.2622165938469125     
   1.2132445554864710       -1.1151887672364498       0.43459864423811778     
  -1.2991313993306468        2.7954030133678138       -1.0054748705890777     
 -0.42409961054995327        3.2125613513460172      -0.15666554339360683     
   2.2671527215733112        3.0177209300148800       -1.3818754099086026     
   2.2971351888238973      -0.32668278558111474       0.49008458286512857     
   2.1754128897141807        1.4431177081767101        1.4628208752474436     
  0.59970387714261575        3.2427152260758358        3.5930792103717129     
  -1.0220379995500939       0.21100183866923361        5.6818611787033042     
   1.6444462074531212        1.8146883834716663       0.67898784179256344     
  0.58365348027205721      -0.86204788100609253        5.6838697194680812     
   2.1145517401593223       0.58123432425724531      -0.18488554113874711     
   3.3666456442544521        3.4467445500613252      -0.72879838024081423     
   3.4354097811009052      -0.19634310812470890      -0.74848207973564529     
   4.0298447839820906      -0.13924701396173811        2.0409793343889873     
 -0.71585834757264077        3.6069704643061611       -1.3245315710741710     
 -0.78234120973698396        1.7128075404496164       -2.2002553445176760     
 -0.26156897371160293        1.6706211099381871        1.0223855456708191     
  0.95239505355397736        1.3398206143814768        3.5358734587148608     
   3.1034741305919531       -2.1539250725095376      -0.35928964642043626     
  0.20470727649248532        3.5611263152624169       0.42273570034614361     
   3.8954838157630074        1.1227662439150592        3.7115203485947563     
   4.5446694110148282        2.5530234026974696       0.45607747704146950     
  -1.4330849970707824      -0.80975811820723154        4.5609322380196602     
  -1.6833734193365451        1.2425637739543305E-002  -1.9178168528504540     
  -1.5947296031174207       0.81748056543742642       -2.9140530721806801     
 -0.14086510079925674        1.7183944824761097       0.83021840800061808     
  0.52070455701258966      -0.99010148437980128        5.2385636785368686     
 -0.70303636174774686        2.4103277736136084        2.7997934819425931     
  -1.2648817263130783      -0.64859547116753413        2.5218114400972236     
   1.9042976517121919      -0.49818294810695907       -1.3878131585444793     
   2.7845437826234227       0.74758245641135268        5.3572684377352893     
 -0.20319278407832853        1.7145583386495353        5.4648257956891868     
   4.2544179447642492        1.3812598889731955       -2.6524655215728110E-002
   2.6813161032579536       -1.0035725940963771       0.26310692306535755     
 -0.38993141162817491       -1.8657236159572312        5.6684918292377446     
  0.25760433318390685      -0.80844223166206897       -1.7009195570139162     
  -1.5954425014555800        2.1312929165538730       0.86278187514959237     
  -1.8104006968222119E-002  -1.6284848840777324       -2.1805590916430653     
  -1.1983377585768931        4.8403241592925612        1.7487492064934691     
  -2.4272930194677662       0.68194425128571901       0.83566657482508022     
  0.93603912882420781        5.7921338915187048      -0.32757980909649298     
   1.7586015999163753      -0.60691086179620957        3.8742874708205082     
  0.45175710345061004        3.5004394120524784        1.2045350862766857     
   3.1681034570770827      -0.23328829561727149        3.9204839084104184     
  -1.3092240029465878        2.3576254023217729        1.0918559493726012     
   2.4946385812799492      -0.52858215761638450       -2.3114155224683963     
  0.66049373686365787        1.1115031472149424       -1.1368208832258233     
   1.7056434376531118       -1.5680879219709654       0.93719831048464242     
   2.3254983584206639        2.6491723331414407      -0.86647129628661279     
  0.90324580526887921        1.2859584786769558      -0.23824995858296072     
  0.26416299789497266        6.1130763895675893        2.2696140403197007     
   4.7282916544007225       -4.2596262377663230E-002   3.1589958909637006     
   1.4646023252594733      -0.18658547484490429       0.36411141677416570     
 -0.53452756313083150       -2.1670170284758123        2.3203296946303626     
  -1.5998828396761151       -1.4115643325820095      -0.86722449907340504     
   2.8029772967958277        1.7422811687450714      -0.14173957483534538     
  -1.9331118914557275       -6.8200292103870019E-002   2.8021786241007676     
   2.5013601941825940       -1.1605199435591986        2.0529929188383194     
   1.4376343995531031        1.8313153905804533       0.12479378465078561     
   3.4712278304624244      -0.21272478045388921       -1.7905506886421647     
   1.7426708681240082        1.6684493395596247        3.3265740959900874     
   1.5477848309951985       0.97972770371879392        4.9775946046381634     
   1.6207856208227125        2.5213222461189959        3.4478899581827194     
   5.6436505745317902       0.33168703496907881       -1.3629668816151783     
  -1.6631092840743664       -2.0633156898732725        1.4724901160228865     
   1.4221517752875790      -0.38147886618527416        4.5033781300739175     
   2.8156847096735169      -0.51993689453047764        1.1499184691994304     
 -0.34379925095278674       -2.0689360866424402        1.6073636283777746     
   3.5143250810696478       -1.7129776245951713       0.17226125194340680     
   1.4947859316840399        2.9385251904207639       0.12039068669299757     
  0.12471753688551646       0.97013734415235753        3.3581583995162316     
   6.5945754835405310       0.76655408340251574      -0.39238977055499991     
  -1.7066571882739270       -1.0148440544821629        3.4640084978200680     
   4.8787310262107919      -0.45637288345060822      -0.25058679256162497     
   1.6621337244359524       0.97745278121698753       -1.3584978784135457     
  -1.2709337239909524      -0.45280437756542247      -0.60328655085676131     
  0.27177827978580993       -5.3756206954536534E-002   3.9369194208872087     
  -1.2822382547817643        1.4978970614095326       -2.7883529420999293     
  0.24670462680654959       -1.2054245719128591        6.0245213715194907     
  0.24605283404023259        1.8884700305431030        2.7473862597065941     
  -1.8176045382154642       0.36784046021836581       0.17354169668095354     
  0.82215616536875036       -2.1715083276797453       0.31333613390954973     
  -2.6796004716698154      -0.62598842880583883      -0.37157626687998091     
  0.80256164533134289        3.1739796693576698       -2.3042444042691477     
  -1.2074042977989834       0.64801277852900485       -2.2771291039446355     
   3.5245297115673000       -1.6614350177160209        2.7778658658121107     
 -0.56367746696506726       0.62758308233631688       -1.4430825513702876     
  -2.2348741198020861       -1.1852179073379956      -0.58503393665683534     
  0.86441066829765045       -1.8639588782811980       -2.7677779526407273     
 -0.39729717910065654       0.95569604689824672        1.3905039926805762     
  -1.7157924712643400        1.5759915823906425        1.7655989805029955     
   2.4333573309186751       0.63194335046477823       0.65708533242164124     
  0.13611372603409189       0.85854347417406718        2.6073784150217407     
  -1.4294924986595581        2.4015654189283442        4.4921930686900549     
   4.2391491900001732        1.4901690158519276       -1.3157034067439799     
  0.98967709057421605        1.8358234171557228      -0.77535572749939519     
  0.28981460774124068        2.4615609241230274        6.7685225309328541     
  -1.9702768094632686      -0.63625903480663837      -0.38549796505585299     
   2.4117259584865267        3.2398520576820191        1.2912318653813899     
  -1.0741432298730595        2.3235489590134728       -2.8703641722017985     
 -0.57356638534153470       -5.1648558166098812E-002  0.21475444249825593     
   2.2405488832325013        1.1377344533662797       0.14445551573100213     
 -0.71663489754813581       -7.9126053482028169E-002   6.0551892783217056     
 -0.18232777735970140        2.7423131246400088        1.8390613589747757     
   3.6378296260247631      -0.32160602838039365        2.8618103164000801     
  -5.6205877077344368E-002 -0.58674601564968754      -0.75798184988405959     
   1.8743839282299288        5.1641465531066002      -0.39340659431716896     
   1.8046421022339998        1.2238023546846009        1.0583666704648622     
  -1.8105264761437394       -1.8811546160154364       -8.1279359470562085E-002
 -0.95651500407677226        2.2160254160604724      -0.72582009088804078     
  -1.6734870470255714        1.6022424038085399        3.1659284949471318     
  0.35293666345426145       -3.8556602199824042E-002  -5.4967475451961345E-002
   2.5967332615008440        1.9580224405615496        2.9719034570695118     
  0.14085959211383825        1.6440831353123420       -1.4949907767600368     
  0.56452489021994667        3.3840866049288660        3.8541549879985468     
   1.2456417149371735E-002   1.1466334149174617        2.0585195442864062     
 -0.43467342054415203        5.0648528768513090        1.3981113408271759     
   3.2456744344652964        1.8699695578445938        3.7999243873495225     
   3.3988049975019172        2.9197793829426484       0.43285686279366109     
   4.1711794255876686       -1.6843069101238828        1.6114685835657911     
   1.2720052010092533       -2.4836522284054694       0.86589825167994450     
   2.8790002663640384        4.6737000255113967       0.79077882707722180     
  -1.0298824273353397        2.2122338785574627       -2.0831417262063541     
  -1.6494114517197338        5.0773872537730247      -0.27344649714076219     
   1.8689185477278603E-002  0.81569910039005666        3.4525974756001694     
 -0.40954375412403632        1.8183656172705414        1.9124170337184272     
  0.11189045892963589       0.33386716903330926       -1.5583414078191344     
  -1.0183181978641982        3.9380581130708201       0.65426709866106103     
   2.9820599054069414        1.8608308373042508        1.3512307440392637     
   1.6106879250757840        1.9007981032183299        2.6945428075232454     
  -1.9525001801881674        6.4567540675257717E-003   2.6565813870689285     
  0.18277292226661945        1.0770085196232220        2.3512831908225684     
   2.2593846757528682       -1.5822420660171275        1.4434227651426048     
   1.2015250160202311       -1.0990663691629901       0.14108493326010763     
   3.2302300011821736        1.1787109373510134        1.0035523376560733     
   1.8588580208510161        1.2186782032650925      -0.32690506493332494     
  0.67854279514655591        1.8989246376286077      -0.19102728219604703     
   2.3042769025329579      -0.29731230940890319       -1.3610022776796291     
   5.2006998524253056E-002  0.61658204778714287       0.36031715773570072     
  -1.4822724363382818        2.2879363854374084        1.8177645501782318     
 -0.51012352537634209        1.0914163621346589       -1.0251240482895141     
 -0.64374104247134545        2.3453893301888975      -0.72384293357271190     
   4.1456103119495324E-002 -0.90783906004060366        3.4930884020801298     
   2.6264662143330741       0.48673303988995009       0.31316666328252118     
  -1.4272178400616120E-002 -0.49282182559351195       0.11191087865169758     
  -1.0334316426331758        2.4973184682506773        5.4509135125481496     
   4.8612191877470075       0.90808437228324568        7.3814732119759086E-004
  0.79338053316204826       -1.2037574105696240        3.3325055679360740     
 -0.89769579904764196        1.8419623624363313        2.5399353821544062     
  -2.4952195007668818      -0.64820795373156503      -0.58773918999939623     
   3.0934146258274269       0.30654579584985697       0.29822814134448006     
   1.9124476073566492       0.52074536160812590       0.67412654547280981     
   2.2627862192520856        1.1363126268026509        4.6691141266176075     
  0.97679909130846676        1.0099875184670788        1.5140982933032547     
 -0.11690917057161032       0.92006117016040001        1.5189187911387232     
  0.56926566416870639        6.3158204938553686        1.7513069576236169     
 -0.13992560263218268        2.3418877337890596       -2.7092101592777591     
  -1.6149326328077571        1.6274728555748919      -0.95695919608483759     
   8.0313553217967737E-003  0.74105599369477515        4.3793319077791626     
  0.61110261235668428       -2.4622133141421272        1.4731742752208894     
   7.4351269294560929E-002  -2.2456050069113580        2.1802718591813708E-002
 -0.23663535433448057       0.14324204527904838      -0.14279719708179917     
 -0.92378787822427277       -1.0870003586387060        3.5298195913160195     
 -0.31241644768081622        1.5777925627045724       -1.1766810023718453     
   3.4396286116235122        2.1105704913627905       -1.8543626564081725     
 -0.20177462559849024        3.7618965897324523       -1.5291799065905041     
 -0.27477541542600425       -1.4566864167630484        4.1140162261316799     
  0.22286836165709412       -1.7403826346353080        1.9950057192901700     
  -1.2136828953057723        3.8350509603787577        1.1241024436821339     
 -0.75351720228590668       -2.7723945366309990       -1.6284018203705708     
  0.14343111826219879       -1.6532218783896484        1.6110731521027257     
   1.6881799744337020        3.5296760692539957      -0.73650929377059748     
 -0.45687001951584127       -1.1943120215547731       -1.7383694272422037     
  0.80060117490140481        5.5914015320020827E-002  -1.1062816485663527     
  -2.1578861914118668        1.4797478635090968        2.0824776695962819     
   1.1607166782915965       0.26181680489523274        1.0504894246529957     
   2.5764105667323158       0.92698630189383913       -1.6779123502223654     
   3.3390081033233119       0.11479436242558405       -1.6056048826903329     
  -1.8935434876223920        3.0580534102031462       -1.4096215175670528     
 -0.38659861189727973       -1.9426065180961682E-002   1.0006274001673643     
  0.76984470374081715       -1.6668268070769185       -1.2515493593789708     
 -0.59378723749032503        1.9674287990432813       -3.3670666655417403E-002
 -0.36337849459723337       -1.1996201740589867      -0.82865110135481945     
   1.6622304749247028        4.4109632039241573        2.6487355247065119     
  0.35636366760841298        4.8423955654431028       0.23246098467775811     
  0.70961497842832832        4.0672491776954320       -1.0287770818054551     
   1.1815129412419014       -1.1770270711734052        5.0289818647670472     
  -1.0661944134025834        5.7540819096226903      -0.93276883324903448     
  -1.6764353908669587       0.22521731641029730      -0.50997100226312186     
  0.62968889045869503       -1.7973226066658015        1.7828787077699819     
   2.1825851562091620       0.30916641735929007       -3.1633537795739990     
   1.9340891640507718       -2.0844089051289876        1.4315849280101900     
 -0.25434578590675283       0.56650029800474044        3.2637256001221844     
 -0.43244815930289793        3.8975221165312890        2.0202380126477029     
  0.90600828632924646        3.0842596252974790      -0.94878694584814438     
   5.6054341314754641        1.2329187720631616      -0.26266942059974685     
 -0.38071210847647885        3.3113058122424155       -2.0622215188032063     
   1.8291912657216147        3.2338692345338869        4.0015630500636323     
  0.23148424728684791       0.16798740327663264        1.4541307980948308     
   2.4723477778850032        1.3427395406797498        2.5644521328644863     
   4.1486655905416114E-002   1.3359593794978970      -0.82556296992897238     
  -1.1369540290795090        2.2836952998297226      -0.24323443494180408     
   1.2570808016031623       -2.6555410239470056E-002   4.2984779423757491     
  -1.5883205197540937       -1.2080877088244399       -2.6836114641479023     
   2.3061412589905186        3.2261377041072539       0.27055029268858233     
  -1.7545276751649517       -1.2116562147096257        3.3347800834349388     
 -0.65218315913117353      -0.91350754800236444        2.5243338848467407     
   1.9549879061371862       -1.3931147389713163       -2.4889838640408479     
 -0.19755770462500299        3.0864306987022347       -2.4427874264509382     
 -0.98027934287603857        2.1294466329425727        2.8765315079506828     
   6.2415845079173184       -1.1079019060978528       0.60768386005668384     
  -4.5934412360490118E-002   3.3502324962645842       0.57835916489091543     
  -2.2242258373922046      -0.47663321500851064        1.3833823034142108     
   5.7465479018994881        1.1741576074783726       0.11800162160364147     
  0.66370496196724149        3.4146440274921854       0.91961024082681364     
  0.67837029920937608        4.0559045350600478      -0.20718112821402679     
   3.0066147975419164      -0.68605990414534368      -0.77605008631846895     
 -0.65727529011802543       -2.3809217743142703      -0.64449066622546525     
   2.3191363772689662       -1.9116632504123565      -0.37092741406260910     
 -0.89289837514165349        6.1731436830642616       -1.4507189292076279     
  0.75483373810794996       0.94314145773616698       -3.6706230803436490E-002
   2.1170806197106677        1.0673254625406274       -2.1882550980343600     
 -0.61262748562530511        1.3442415192310344        3.1817794906779224     
   3.5691934289693550        1.1273655740588762        2.1920710288332272     
   1.2041633763877937        1.9870186418001001       -1.9619929808820413     
  -1.0438698746398496      -0.84851613456842045        1.1062538913938726     
   2.4824919393271867      -0.70595432445525397       -1.5697249695207649     
   5.7662238960326846      -0.22491973113222752       0.68787485009047300     
  0.55483520146834042        1.8236925880675088        3.1523292617143555     
 -0.91707581306722830        5.8612785718608178        1.6384920873006634     
  -1.8295042118153644       -1.5554148472619163      -0.60454581176592948     
   3.1959809646809787        2.5860146577902947        1.0281969759226608     
   1.1516329531274256      -0.50466828936900043        1.6134857547791683     
  0.16155974109176618        1.5015457192823742        1.6335711624269549     
  0.32446719562314374        2.8104290716449070      -0.93901806262069920     
   4.9046149645333355       -1.1199233102985722        2.7141158803587664     
  0.64351975473535949       -1.3679344693189750        6.2310707594862382     
  0.72515679871657479      -0.56734017397757341       0.13093160277690430     
   1.8038738269713588       -1.2389329815695136      -0.83075771539912813     
   2.9689533967631569        2.8994632934802889      -0.15950339181009277     
  -1.2370653242810246        1.6397807160097537        3.9419368498679739     
  -5.4142927511295902E-002   3.6203906949349207        2.2779612532870757     
  0.26686500989987083       0.81518821859047819        2.1401753568232578     
 -0.94889144747308118      -0.35795809116430544      -0.55066670575074106     
   3.7616148747005282       0.24226459872392159        9.9297085731639978E-002
 -0.91532412000775087       -1.4988094226581590        5.0109826719214272     
  -1.0756549562597815       0.15252782729239378       -1.8645662004104955     
 -0.24461917920549148        2.3485863490356449        4.0333860905605867E-002
  0.44888832415589208       0.74418610305617516      -0.84021041037336808     
  -2.0033190109205798       -1.0770008754483236        3.7832495760706784     
  0.93789584708528873       -1.2771940556072385        2.4564075468578817     
  0.82839466234401771        1.7431893256138986        3.4783530879772750     
  0.32325526844827301        2.8487124488444149       -1.8057159560024800     
 -0.23818272563811060        7.9284243998958281E-002   7.5784877781582356     
   3.9077081127133195        2.2291306145290557        2.3263545323384620     
   2.4151026778471834       0.59475491911402578       0.66328277910171396     
 -0.36055681751414426        1.6306921775834216       -1.5778470062383385     
  -1.0182157187280878      -0.12715382145903176      -0.19998804160016315     
   3.7033710804729121      -0.43261792523092391       -8.1082428325265354E-002
  0.87789017553622184        2.4899437884125621        2.1468412014863678     
 -0.11144976963733111       -1.5925161568869559        3.0076013462322710     
  0.58499080117247937       -1.0176298587835468        4.4830753920386908     
  -2.0907814527507540        1.3377624507332442       0.23681936122008063     
   2.6702388088124294        2.6056525917397071      -0.58306697896257731     
  0.60861828895147374       0.37533641349867297        2.1011468990876527     
   3.7358996132169238       -6.0088213979323957E-002 -0.21121076312336395     
 -0.15921395829400531       -1.0592698618313072        1.8262529886681302     
   2.5253574979745088        2.7627783664967875       -1.0791012275842324     
   1.3827647786206501        2.1739748954411544        5.8583985739613329     
   3.6012229328766554        4.2084693132326256       0.19883283400620355     
   2.9724469842161039E-002   2.8734912615846726      -0.27638791094043258     
   1.0118132204904362      -0.22093861675406723       -1.0872358176815862     
   1.1219661979980242       -1.1865763092853054       0.42559708634971694     
   3.1310766631225593       -1.2705700165578626       -1.5093808729189453     
   1.1365907981922638        1.6670240281269679       -1.9560803390057240     
  -1.1336034068901601       0.62716141318386809       -3.0414957682921235     
  -4.9183191930101788E-002 -0.12490120211900857        4.6751169959110932     
   2.9441750873811343       -1.1472781382246984       -2.0892465917105509     
  -1.2215139562471777        4.3632978623261183        6.9432595235336958E-002
 -0.39243355749183939      -0.58693350160342117        1.5798552503489058     
  -1.6290422912559512        1.2038375400203156       0.17038059873513545     
   1.7342083829402326        1.9860540300530110        2.0535884197916272     
  0.42768978285762627        1.5146544026199855        1.2827104742695696     
  0.74918656484353052        1.7656987916427962        1.5311669668726924     
 -0.76818699514265498       -1.3574575590716877        3.5172120750858524     
 -0.21017091307943625        1.7201111289595499        4.3850021125084826     
   1.3841141933321661      -0.77356078360818525       0.31810877198460785     
   1.2752648013572121        4.6141694018451149       -2.0913367294438983     
  0.75497122564459485        5.1760306534675964       -1.0689351209662412E-002
   1.6293919587068655      -0.72239733047933585      -0.66903880038499475     
   2.3835161893357388       0.47590694576600701        5.4505832017426918     
  0.96260795876448269        4.5668420925428403       -1.5070020074506605     
   1.2842676889419669       0.27999597266931442      -0.29022801214773564     
 -0.82232653179486803        1.4447562935939118        1.5865524784614640     
 -0.50294807629949378        6.5534293188256934       -1.2205840943932205     
  -1.2797221055578860      -0.23904320833093884        2.3050075100227985     
  -6.7708329406093171E-003   3.4729166134391782      -0.93034995388270136     
   2.2005253701922158        3.3512305627543473      -0.60858172336515626     
   3.3612868129071631      -0.69036999015979461      -0.75731416699701759     
 -0.40314230895718950       -1.7113195239114101       0.20075977780241328     
   2.4295490534568835       0.99931754647561277       0.70048472007934892     
   4.2257269692352040       -1.0994991898963300        1.0232572209792834     
   4.3779205801702439        1.9348013642770319        2.0086473201797044     
   4.2064990826288504       0.82071382692207084      -0.37830252468328052     
   7.1546141637178540E-002  -1.1492129375093225        3.0796765762383767     
   3.3564187356837327       -1.6372061173084607       -1.7530733578956088     
  0.23074652481012770      -0.68120339066722391       0.94520030550807155     
   3.1176181609243092       0.85833926084899659       0.36583672190766103     
 -0.52036316427452878        1.3347347965212819        3.2826396205192618     
  0.20133437623006900        6.8393335497144117       -1.1022057230690772     
  0.78859965868176740      -0.89504610583697408      -0.69648048858378342     
 -0.30510860319830968       -1.1733895648814552        2.4987354124718753E-002
   2.4943005910856972      -0.87876479773581462        3.7617268064380966     
  0.53273026085441444        1.0914073014751846        7.0762207764758767     
   1.9979603995352329        4.7055900619912157       0.97668418199597751     
 -0.46337203426967832        2.7723519986918870        4.2978063365575263     
   3.1221399732406341      -0.75832772411079885       -1.3654752038124429     
   3.9746034374875978      -0.57838581485031204       -1.8313562342028580     
 -0.85843992475362452       -1.3370501660407823        2.3873827881382845     
  -8.1762610929803081E-003   1.6415816963236827        3.1462094890716705     
   1.1603252207219827       -1.1373922617646448        6.7621854279027307     
   1.5611777720069928        1.8294635311787077      -0.62201383972961377     
  0.49712608099434341        1.3309432590182722       -4.9579721767689655E-002
   4.3687751129178576       0.84848126334117158       -1.3832507895807340     
  -1.4139303098473643       -1.4867489879243205        3.2122904802328889     
  -8.8194007420376863E-002   3.2736267113324509       0.11899961529614078     
  0.57818262204305793        2.3828384297429821        1.3075536128539258     
  0.41474558588904742       -2.8559066350038176        1.1992932656323547     
   1.8809534137193418       -1.0177692535446869       -1.2362632657382742     
 -0.34292276790667486       0.98331502789673308      -0.69963138690853022     
 -0.76854344431173427        1.8033576803123967        3.7729871881006374     
  0.94469384195273642       -1.7233966860165855       -2.4330020669125321     
   3.7858585103289317       -2.0709691592336679      -0.46864919895898183     
   1.4427449895147828      -0.85491156620952680        4.0345996227130616     
  0.44419847151700109       -1.9597209882630053       0.65703747266123047     
  0.15089172667431061       0.35409822769137289      -0.48542051434488354     
  -2.9654869595523436E-002 -0.14906110211980428       0.97278008088443935     
   4.4088909208322793        1.4947711338909668       0.76208415465915502     
  0.94917491722116676        6.1509576128812080       0.99668171598530497     
  -1.6107615410131517        2.6569219848870222        3.1592524506629514     
  0.42967571394249848       -2.3329197943680775       -1.7307408952672259     
  -1.0120898851509046       -1.8732962363561652      -0.64773571489856074     
  -1.0816687629552539       -1.1640556916755167      -0.27555311118507131     
  -2.2128551088985633      -0.22803659799131948       0.94282771672967725     
 -0.49864013348461711       -9.8142983770561631E-002   1.6450135680963043     
   4.0932399052192814      -0.53706920764839694       -1.4151991411204952     
  -1.0669219516173298        1.9973728846575840      -0.21258535820925939     
  -6.5442366171120980E-002 -0.99053709300836390        1.8252801017351907     
  0.92463084586453848       -7.4858482869725407E-002   2.1610494963934634E-002
  0.27397871688850373       0.29002124389050765        4.5414297779454014     
   1.2034352016566738       0.20865930970827495       0.51310042010527779     
 -0.32208576790847543        2.4222035102889361       0.82362082234006229     
  -1.2150418577628885        2.3693896231881881        1.3747644081953321     
   1.0727100149622024       -2.2454467938574640        1.3088340575914716     
   2.5152903550135020       -1.9137541718294575       -2.0572794101011200     
  0.34938299254181171      -0.45709006949667375       0.51284935250968067     
  0.89159310002184133        2.6033497902856730      -0.95248156243460613     
  0.53049990748217324        1.8967856250189135       -2.0563755667569694     
  0.49562899448420916       -1.6406742589656254       -2.1813068023262034     
   3.5364077436105066        1.3943762390226695       0.35843336618248456     
   2.3291245921996766      -0.72942003854557225        1.9096293988210600     
   1.1920721113595127       -2.1521833349690924        1.1331275391576221     
  0.94113189632743355        1.4470117008291581       0.80774393526347543     
  0.19654013490594791        5.0659227316430586      -0.61621103992637050     
   1.5138133156327869        6.9308239072410815      -0.18638331626373272     
   7.1232975581487334E-002  -1.7604506014228374      -0.15685776702148591     
  0.11327360900893968       -2.5651486785322022       -1.3479224405352439     
 -0.18781391198166109        2.5463345450841635        3.9626091280204698     
 -0.61669355221830635      -0.98934108595778225      -0.61525698306310073     
   2.5360280584574579        3.3692320022079754       0.12950993251683451     
  -1.0960871318445262      -0.67638311982700028       -1.8047148239650357     
   3.1945017006292979        4.0351287212538001E-002  0.50329936884214677     
   2.4963501738079050       0.29237701535377481        5.6201573941540772     
  -2.0717394289254201      -0.79780153257044217      -0.67420765450935471     
  0.84747742321724662       -1.2972139312021747        3.9396113362637544     
  0.10443366961576395       -1.5798395973088784      -0.51774232893309557     
 -0.38506269788837066       -2.6539598687497605        3.5226382734957000     
 -0.17909618373217029        2.5332202859561059       -1.0696893310942772     
 -0.16734354541451513        3.6194065679212724        3.1612766831524550     
 -0.68340046814607103       0.71946026032515054       -3.3365535449830568     
 -0.86492475356538057      -0.38499231113980947       -1.4666020929741044     
   3.7725807787807146       0.35654321180176929        1.1935092958987812     
   4.4596518285747173        3.7895350859974979      -0.59178216287474994     
  -2.2948766087692865      -0.47768425150750682       -1.5229416614261466     
  0.11675662660394659        4.7323343408635479       0.54344507737816050     
   2.8230001923525037       -2.1020681304440165      -0.38851783747914714     
 -0.12668797161548673        4.0040022896971559        4.0049642313977412     
   4.6854980221035891       0.53755567282781191        2.2221834485801826     
  0.91862467736554621        2.0850382499385702      -0.43009463131006598     
 -0.98232892559824658        3.5106563510702395        1.2815838084343265     
  -1.9430714631496371        1.7649432720374172       -1.0659986374389963     
  -1.7814675941508937        3.0266331340683701        3.5294924188555066     
 -0.12428448578969231       0.57756754506545604       -1.1885698376096157     
 -0.31721514461955103       0.89159606296179383        1.4144989935435555     
   8.3800354857038517E-002   5.4105734906666472        2.8616526145665957     
   2.7913475061382305       -1.2054364204675561       -2.4360745066136547     
   2.0760049451052240       0.18592402416633025      -0.60549045359436438     
 -0.17993129321401380        2.8345583047982528       0.65356332480715240     
   4.5533877757806938      -0.88097002285705051        2.8018985268144294     
   4.8030244052801390       0.68274925603130310       0.66079407156035552     
  0.92958294324925239      -0.65633257738461337      -0.41317267536680546     
   2.3462545208394476       -1.7586440453184622      -0.69718033950651126     
  -1.8310751342248084       0.79704180858526463        2.6617651483317775     
   4.8142780147610829        2.1127499284532156      -0.72503628923803554     
  0.29882067790786238        3.7162580479613894       0.94144998329883611     
  0.84828197991316934        3.1303093816139045        1.2314832697328781     
   2.5888945623629582        2.0180060972015363       -1.9335752674053679     
  0.49281049998298609        1.3671998363908031       -2.4605159370450549     
 -0.45294080394311109       -2.5146208655141518        2.2579480275730233     
   1.8078024060277156        2.2625379629838829        2.5427591080186400     
  0.58829814024843996        1.1898450938970759       0.94476407556072095     
  0.69910291052234541        1.7679430472971518        1.3545063915755722     
  0.43691927027129562      -0.84759334124967323        7.0039290006685704     
   3.2725844371816906        3.4191353266961189       -1.2217986338869227     
 -0.25850287434114438        2.6230016637111992        1.7857903072926749     
   2.6805936571741937        1.2882020373575056      -0.17514804136075179     
   1.7902447383850491        2.8140951538628913       0.73592604954285834     
   2.6642988380162662      -0.70802015481534974        1.5261623140267133E-002
  0.24411082258512140       -2.1103537550461819      -0.28933358383841989     
   1.0267509867403675       0.39348839929433232        2.8494130692812250     
  -2.4108040628159650        2.7843873423687207       0.19974609238518903     
 -0.99610823204866872       -1.7758732377953741        3.9336986943874366     
  0.98045333180790673       -2.4478228959758326        2.5835575923032068     
  -1.2915333033818899       0.68443314474587513        1.2243780567774736     
  -1.0213652017434560       -2.0636732374355971        2.5921943175917552     
  -1.1004939856176676E-002  -1.9279808011514126       -1.0056043273180575     
  0.95837385184891533        1.5504203104333039        3.3467026558808670     
   3.2057553101102410        1.4876146068540361      -0.56754158651982722     
   2.0279657813752601        2.8095699813103447E-002  -2.2089210994969655     
   3.3298810950457525        2.4086013694968882       0.69347051912734825     
   1.0632717501780715       0.35349883021847051        1.2040415815340890     
   1.7248414079899184        2.0128540668297994       -1.3773350093594718     
  -1.6006052857598749        3.8841785530211563       -2.1277258390807869     
   3.9187758594132434        6.7304658226580827E-002 -0.11918507430210612     
  -9.7408218441086269E-002 -0.28044624028476095        2.6062038894260868     
  0.59609928492029773        3.3679941767290513        4.1699040956666433E-002
   2.1568170638665696      -0.26224686027031430        3.4887567014698395     
   3.5522239024556694       0.21530843981465608      -0.52420731951972721     
  -1.0487812349766685        2.7025570417890572        2.8316625902724941     
   1.1994149642425538       -1.0659635982612530        4.3061323656965236     
  0.46549630936951081        2.4668572280725440      -0.19139211479589946     
   3.8052824439782795      -0.47073681661228584       0.26173468173817094     
  -1.4318724333795383        3.5081472453697184      -0.23236634639738440     
   3.1068864948695176      -0.76157004625491664      -0.33319509278927439     
   1.8710874099323154        4.1201460046790581       -1.5993791909057551     
   3.0078139943893203       0.24903082042966052      -0.71240758917948943     
 -0.53859553927295334       -1.2981148399650699E-002   2.8506746839491020     
   1.2059277997747384       0.35421810718595337       -1.9348745422125841     
   4.2199804994165415      -0.57734035414176166        1.5601872425787993     
 -0.33246607692517349      -0.97808356504811078      -0.86974537465044932     
  0.92480143225259814        1.5935155947873660       -6.8186968946397197E-002
   2.4017638407271238        1.4379287381932713      -0.39116032392280919     
  0.69194846648581798       -2.0426134769225559       -1.8037670437916558     
   2.9121990508491948       0.54499935307269132        3.6953162890576565     
   1.3980844546945952        2.0473403307358513      -0.43665377224504631     
   1.1499143589193630        5.9996390238732227       0.52523640000746452     
   1.8369039346175762       -1.6726486292759335       0.34687798009511717     
  0.90549207155045419       -1.9431413753730060      -0.49269205958237139     
   2.4342720049471889       -1.1555721265125323        3.4830135302205503     
   1.3073223119849406      -0.89221639218583082       0.58830458002151476     
  -2.2710199750958835       0.85349668684699065       -1.6275175916823263     
   4.1951105316767556        1.1121018477140385       -1.0881490760605712     
 -0.52435794103371425        3.3486629112541477       0.72054188262263130     
 -0.14273327635505817        4.7906961394576699        1.7967180243910490     
  -2.1606836808727685      -0.28514663163040410       0.90331909221749163     
 -0.31219939559750154        3.5545657008293601        2.1277255424265751     
  -1.6640175929391461       -1.1915471264675599       -1.8716808284007349     
  -1.7376701755329773        3.1013654534107813       0.53455100780412534     
   4.1584471885714187       0.64195119734082917        8.3031043881877764E-002
  -1.0913361736337930      -0.82069015234964082        4.6429207151206793     
  -1.1304437396128184        1.0663357597365328        1.4324691566984344     
  0.51794016640310225        2.5629671279833959        2.8392511083494232     
   1.6792719277885770        2.5196097814783904       0.64411690652280251     
   1.4029117948701315      -0.50077359974274716        5.3939141070714278     
  0.54906327099474339        5.4814696661824831      -0.84863058986071360     
   1.5792217381589038       -1.3154634933306319       -1.1254075072472158     
   1.4886225436408282        1.7042061867134688       0.50633101005898462     
   7.2887918152213960E-002  0.50228879825937556      -0.45450467829201679     
 -0.66037894395451202       0.22323163803785739        2.6249900222666578     
  -2.0017684570350833        2.7882736683093050       -1.8082611537528481     
  0.79996274897892805        3.3938491170253107        1.9770347715490550     
  -1.3379175245411270       0.52762519004419373        2.4012385810703125     
  0.44343210580347980        6.8531587221242836       -1.3547326490658218     
   2.9692920234737827       -2.3266442422215516       0.90065777570415984     
 -0.43697697329932961       0.32975153871064888        5.0253970902536604     
  -1.2605171335409726       -7.4722674393954414E-003   5.3069945054756307     
 -0.87897394295810605        3.7223268772554885E-002  -1.9660320308262134     
  -1.9922359878276956        1.8214762113653817      -0.70306159793337875     
   2.0418723911003531        1.7520687718985215        1.0742961248192766     
  0.15428053984606072        5.0605165842001476E-002   1.9355584047563750     
   1.2841509555252095E-002  -1.0534905550344402        3.5078441154251263     
   3.1433919819142617        4.9193742313612860        9.2609272653916275E-002
  -1.5899270870804456        1.4465043038986085      -0.30749204768999716     
  -1.4977798847423671       -6.1635495827978559E-002   2.8452139637448597     
   1.0419306292121742       -1.4879672981366847        1.5472949215448764     
 -0.17952901486605244       -1.4322986063277885      -0.99310743774720001     
 -0.98009348009501829       0.33857243919559243       -2.1486209397243754     
 -0.28658597673363451       -1.6198235905942946       -1.1009660768158152     
 -0.24552303245565810       -2.1415391510084372       0.28010655304600585     
  -2.0548997517518997      -0.82261937584381961        3.7058736814525246     
   7.3358045289615728       0.23758372264483851       0.76095121213402228     
   1.3170279136458807       -1.2781837584113329        5.7105480052590085     
 -0.60119819762531490      -0.62657458377643271       -2.0255476043625618     
  0.95691241025568852        1.7953703604990707        2.4579170907764110     
 -0.61007887406638517        2.6033693055522322       -1.9286355124619903     
   1.5160691296599622        3.1928864777849029        2.8195548554748124     
   6.2282049337493639       0.70528102522198299        2.1121467981197610     
  0.44745488928309296       0.23637935190858839       0.80177480317814931     
   1.4929304864557058      -0.71998022532116712       0.93353507734763008     
   4.2909138840633929       0.26796062899248119        2.5939957275901659     
 -0.68978090827259697       0.55225903223286599        3.4001988838127697     
   1.3454420045525164       -1.4999887023374039        4.3365805883525912     
   2.9855155527978936        1.2796989569279615       -2.5999149428105852     
   1.4042663017126338        3.9218207143194199      -0.40337476244861969     
  -1.4453716726256836      -0.94562131307381225        2.7942221350790413     
   1.5075754551738929       0.81971854832753088        2.1374293049964126     
   1.8999547004967803      -0.66906210697192448        5.6997772054078819     
   1.3915563427694502       0.98957942846236779        1.7244733237579157     
   3.2740153259889957      -0.36350879055290264      -0.36430864457367429     
   5.5435577383051022        3.1881661525667848E-002   1.8932911750375641     
 -0.17396840782841005      -0.24503439516473913      -0.95722987833634088     
  -1.0770272855607381        1.0078680211239446       0.18402298421090579     
  -1.5130766462268712        4.7583677064540666        1.3867371941603799     
  -1.3887471760518864        3.2183789917021972       -1.3185663619200256     
   3.3615185048670653       0.73469889561298229       -2.1734013114098323     
 -0.96084522496471680        2.6763229477424968       0.82936713193429634     
   1.5172708725728596       -1.2162032718180147        1.1362721607924784     
   4.9544592886981391       -9.6183093428932498E-002   2.9137805241024926     
  0.87097760772156985        1.8400881998728034        6.2069839620336182     
   1.2631124307570887        3.4868644532388533      -0.69948388469611666     
  0.14268066545801128       -1.5197493036766194        4.2921416239318617     
