           1   2.7015025336859587E-006
           2   1.8342777290458793E-006
           3   2.5636981541881938E-006
           4   2.1659656839618028E-006
           5   1.7501748942463169E-006
           6   4.3868321185378506E-006
           7   2.2086738168520550E-006
           8   3.0672286952856446E-006
           9   2.2660724617880677E-006
          10   6.7728452314059965E-006
          11   3.3744870571060608E-006
          12   3.9976939327002213E-006
          13   3.9679259333664439E-006
          14   8.9800399522826901E-006
          15   2.8340767192454672E-006
          16   4.2281308719621016E-006
          17   5.5818492327325915E-006
          18   5.6765281686047310E-006
          19   1.3442192301764152E-005
          20   7.2774467487392291E-006
          21   6.0530183266549141E-006
          22   1.2884980310496242E-005
          23   8.3275346329208999E-006
          24   2.9285424575365752E-005
          25   7.0753006947243250E-006
          26   2.1030262418700814E-005
          27   1.1825727026319800E-005
          28   1.6921496018862403E-005
          29   3.1517749402098221E-005
          30   2.4189087991783071E-005
          31   7.5089796714067900E-005
          32   1.7245784739183010E-005
          33   8.2237153447774878E-005
          34   6.3866718613767506E-005
          35   2.0198077909649149E-005
          36   4.7764805979205867E-005
          37   3.2864571075531606E-005
          38   6.0375504584982559E-005
          39   1.7202078787776392E-004
          40   4.2559933594078486E-005
          41   1.7780809258163962E-004
          42   1.5605470032736729E-004
          43   4.7272069018915519E-005
          44   1.3089318807698382E-004
          45   6.0071225274617768E-005
          46   9.5603210466683279E-005
          47   1.4729843021014534E-004
          48   3.3156127723114491E-004
          49   3.2843639310402723E-004
          50   8.9156070399451661E-005
          51   3.0842758169091674E-004
          52   9.8574547720838758E-005
          53   2.9243172451114900E-004
          54   3.0228233919280168E-004
          55   1.2005823002573840E-004
          56   2.2582162409713117E-004
          57   1.8045949149446861E-004
          58   5.4117524809012816E-004
          59   5.4996383967930232E-004
          60   1.8445176146634522E-004
          61   5.1603631611707522E-004
          62   4.2170511154126638E-004
          63   2.6769553195296359E-004
          64   7.9879324149959637E-004
          65   5.3606560267859405E-004
          66   7.9757848177337625E-004
          67   2.1548877091296159E-004
          68   4.3079937392696138E-004
          69   3.1732939387765649E-004
          70   4.1847089681058570E-004
          71   3.3800565406386839E-004
          72   7.5629404354511784E-004
          73   7.9070933491075116E-004
          74   1.1048165698956398E-003
          75   2.8495552931322518E-004
          76   1.0353826177577439E-003
          77   8.8669209226073097E-004
          78   2.6938058737424500E-004
          79   6.6864397241949065E-004
          80   5.4284456172181946E-004
          81   1.2908211669299097E-003
          82   4.8186394236762449E-004
          83   6.3089368146571350E-004
          84   7.1983622715442533E-004
          85   1.0788022504917940E-003
          86   1.1994712134509324E-003
          87   1.2722781818585594E-003
          88   4.4891105221615905E-004
          89   1.2655493874031585E-003
          90   1.4769898180410147E-003
          91   7.9244970540938962E-004
          92   4.5742139407663640E-004
          93   1.5347119416397952E-003
          94   5.7610183396707734E-004
          95   1.1557815261234404E-003
          96   1.8338476871857174E-003
          97   5.1282257288265420E-004
          98   9.1540380274571990E-004
          99   1.6308403700130566E-003
         100   1.0991078595052805E-003
         101   1.1959391828329977E-003
         102   7.1072796222957572E-004
         103   1.6741632401670065E-003
         104   1.3557925570088958E-003
         105   1.6884068945827982E-003
         106   1.1946673529796140E-003
         107   1.3815231037072285E-003
         108   1.8589462628318767E-003
         109   5.8287057404684249E-004
         110   1.3696509679484007E-003
         111   1.5757634572159283E-003
         112   8.2068899157928003E-004
         113   1.2656479655767650E-003
         114   1.7511666492764368E-003
         115   1.0157573097227350E-003
         116   2.5685176291697664E-003
         117   1.8595662668083400E-003
         118   1.0145623079361361E-003
         119   1.2557847659047186E-003
         120   1.8378806254378329E-003
         121   1.4908921195859279E-003
         122   1.7048260123240736E-003
         123   2.3782346254534255E-003
         124   4.0515616488675929E-003
         125   8.7525309166641967E-004
         126   1.6312955454483508E-003
         127   2.3361686699098585E-003
         128   1.3578669179394143E-003
         129   4.4727992345490533E-003
         130   2.0068844620039594E-003
         131   1.7100443786502030E-003
         132   2.8572863688043531E-003
         133   2.9828778305404659E-003
         134   2.9683313866908233E-003
         135   2.0638774348511234E-003
         136   3.1447852204957208E-003
         137   3.2797260908828084E-003
         138   3.9984182705846139E-003
         139   7.3249812898574457E-003
         140   6.7650467678029760E-003
         141   2.5992143237889235E-003
         142   3.6051047474557622E-003
         143   3.8449276424574086E-003
         144   1.7187319552875275E-003
         145   1.9805154837728160E-003
         146   7.6521664440760946E-003
         147   7.5066422379840327E-003
         148   6.0022676903324192E-003
         149   1.0407432424848408E-002
         150   9.7525112306152406E-003
         151   1.0610537525959579E-002
         152   1.1784913158209436E-002
         153   1.2443399689632477E-002
         154   9.8012315235182241E-003
         155   1.8199596627691574E-002
         156   1.7562459991955662E-002
         157   1.7035425605665618E-002
         158   1.7159943880591930E-002
         159   7.6731314314009381E-003
         160   5.5309446960190977E-003
         161   5.2785130333388285E-003
         162   7.4383254021379262E-003
         163   7.6135546963346304E-003
         164   9.7334238348929167E-003
         165   7.9489385033606943E-003
         166   7.8472318440518905E-003
         167   6.1844687046739358E-003
         168   8.8739456061720599E-003
         169   1.7472425500078749E-002
         170   1.5868092054939074E-002
         171   1.5285210846647797E-002
         172   9.8217280493382783E-003
         173   6.3038628181565750E-003
         174   6.8481292795341455E-003
         175   6.6057587441651598E-003
         176   8.0793493864468637E-003
         177   1.2319030447589509E-002
         178   9.3678615025944920E-003
         179   1.0921888246397908E-002
         180   6.0269280945457098E-003
         181   6.1303188119033111E-003
         182   1.0163362645083673E-002
         183   1.1264681634724574E-002
         184   1.3078712191170044E-002
         185   1.2270364351270652E-002
         186   1.0462771181444128E-002
         187   1.0444974199436146E-002
         188   1.0583874238818148E-002
         189   1.1937588625326444E-002
         190   1.1019823256239375E-002
         191   9.4605654937369617E-003
         192   9.6258799905866322E-003
         193   7.2702753287451020E-003
         194   8.5569050556461197E-003
         195   8.9204284475638117E-003
         196   1.0069790034464147E-002
         197   9.3104242555855747E-003
         198   1.1346177638449445E-002
         199   1.4367201556457432E-002
         200   1.5386603687295414E-002
         201   1.2460358188480425E-002
         202   5.9730311583418164E-003
         203   4.4024899491469224E-003
         204   9.9531967995024600E-003
         205   9.7486591743713418E-003
         206   8.0485385862758933E-003
         207   6.3988225196477408E-003
         208   6.6660119825469261E-003
         209   3.7670373738145514E-003
         210   4.9184476326460712E-003
         211   4.1072476882026429E-003
         212   4.2417341871530045E-003
         213   5.6459351396593678E-003
         214   5.0401891718204151E-003
         215   4.2272606845775535E-003
         216   4.0725408179771170E-003
         217   6.8763878327320884E-003
         218   5.7467350492622343E-003
         219   7.3164935945020946E-003
         220   7.5087546268641434E-003
         221   7.3356647947201599E-003
         222   1.0914056767780757E-002
         223   1.1431028835614239E-002
         224   1.2087969645729326E-002
         225   8.8734769391917729E-003
         226   1.0627700141352527E-002
         227   9.6737307644833882E-003
         228   7.0010670552133909E-003
         229   7.0432004353131990E-003
         230   4.8359396860446352E-003
         231   6.3469512676339913E-003
         232   7.7146587969489019E-003
         233   4.5250238099955849E-003
         234   1.5660137788264561E-004
         235   3.8801741611143126E-003
         236   5.2809988877957296E-003
         237   5.1467466788557145E-003
         238   5.9179879050666635E-003
         239   5.4799731373517992E-003
         240   4.4028546568715028E-003
         241   4.9541141900552440E-003
         242   6.9736776032048057E-003
         243   5.9843795246520481E-003
         244   5.9765828553097226E-003
         245   2.3368373120023628E-003
         246   3.2262070387195289E-003
         247   2.9381100406390653E-003
         248   2.8963323198895694E-003
         249   3.3898981862791910E-003
         250   7.3745079087677678E-004
         251   1.8445756217224292E-003
         252   2.0189253612689609E-003
         253   7.2806634532948901E-003
         254   8.2428811734704781E-003
         255   1.0578576708412151E-002
         256   4.4893404699459950E-003
         257   4.2841980873330023E-003
         258   5.3246863971222504E-003
         259   4.1803137223464168E-003
         260   4.4954005059414217E-003
         261   7.7053364120978551E-003
         262   4.6665704080244884E-003
         263   3.5686659872419366E-003
         264   5.0295430720783624E-003
         265   7.3189906561023444E-003
         266   6.2364376494558121E-003
         267   7.9766697087810239E-003
         268   7.5278552017288697E-003
         269   1.1041048226241032E-003
         270  -5.7251356550624879E-004
         271  -2.1835036857201595E-004
         272   3.4600872776224343E-003
         273   1.0271558142401164E-003
         274   2.6796263619048304E-003
         275   3.5867965919469811E-004
         276   1.4302587115721235E-003
         277   1.1719789290808312E-004
         278   3.5531304178337364E-004
         279   3.2589910694468026E-003
         280   4.5840222314090006E-003
         281   4.6972227308254653E-003
         282   5.1619076401478864E-003
         283   4.3898052578114806E-003
         284   4.2057593829820019E-003
         285   5.3646969129658283E-003
         286   5.5963924865019953E-003
         287   6.4084012125160969E-003
         288   5.8199817359724532E-003
         289   8.5590313823435335E-003
         290   7.1255338074760442E-003
         291   7.2796703417394200E-003
         292   7.7109072050888300E-003
         293   7.8922738884580623E-003
         294   6.3631869571419393E-003
         295   6.2060222390539705E-003
         296   5.7853433359616457E-003
         297   1.9367928403102466E-003
         298  -4.6314415260138153E-004
         299   3.7443161852200322E-003
         300   5.4585414446508083E-003
         301   6.3103519016936265E-003
         302   8.2151913964542429E-003
         303   8.2856981759031507E-003
         304   7.7881885380722974E-003
         305   7.7781723617143120E-003
         306   8.2900620925004040E-003
         307   9.2366948815159368E-003
         308   1.3050095082462902E-002
         309   1.0648779026958004E-002
         310   9.6032345593612799E-003
         311   1.1976750801477183E-002
         312   8.8232123758908154E-003
         313   1.1635215744867387E-002
         314   1.3459806848289070E-002
         315   1.2218646082223474E-002
         316   1.1941689032505995E-002
         317   1.5594189477861922E-002
         318   1.4783952219988608E-002
         319   1.3163803450770837E-002
         320   1.5223969661238795E-002
         321   1.4997038420301567E-002
         322   1.4747194681452242E-002
         323   1.5595513226344926E-002
         324   1.2483595178597299E-002
         325   1.3213460109627071E-002
         326   1.3609589185250891E-002
         327   1.6309801321573777E-002
         328   1.9194006334073949E-002
         329   1.9331440477660340E-002
         330   2.0514631105301342E-002
         331   2.2025615819790231E-002
         332   2.2405155289325577E-002
         333   2.1090607949738147E-002
         334   1.8159522252990678E-002
         335   1.9137897577200903E-002
         336   2.0697676611565206E-002
         337   2.0824648197039535E-002
         338   2.5372819250718406E-002
         339   2.5946024766000182E-002
         340   2.5236701072885660E-002
         341   2.4947460202221158E-002
         342   2.5844329309681242E-002
         343   2.5600409932271768E-002
         344   2.6934845378650728E-002
         345   2.8181650850384456E-002
         346   2.9450379091182362E-002
         347   2.9969668205675346E-002
         348   3.1510351837038243E-002
         349   2.8233050311728021E-002
         350   2.8317393780605535E-002
         351   2.6260525791825227E-002
         352   3.0342664381659380E-002
         353   3.0312128775477499E-002
         354   3.1431629632457915E-002
         355   3.2691935577609930E-002
         356   2.8676641687777893E-002
         357   2.9497365959582005E-002
         358   3.0412802022381929E-002
         359   3.5521806408210871E-002
         360   3.4535379777484172E-002
         361   3.5818012363190120E-002
         362   3.6231964350299080E-002
         363   3.7665606989995715E-002
         364   3.8851854935793545E-002
         365   3.9803134346240332E-002
         366   4.3891901624857926E-002
         367   4.3552451803067944E-002
         368   4.4841415070298693E-002
         369   4.5214275484953541E-002
         370   4.2678629572241049E-002
         371   4.2906902317492703E-002
         372   4.1989396322548535E-002
         373   4.2724234501175282E-002
         374   4.2645088596516390E-002
         375   4.5148732220795851E-002
         376   4.5691397694481155E-002
         377   4.7340919014446030E-002
         378   4.6976997372916454E-002
         379   4.6149709167711002E-002
         380   5.0476494288590155E-002
         381   4.9292967991259908E-002
         382   5.1276430731368755E-002
         383   5.2466795790041931E-002
         384   5.3883893846944454E-002
         385   5.3863689403419193E-002
         386   5.4300211698785746E-002
         387   5.6881455338631995E-002
         388   5.7515466510358250E-002
         389   5.7898520757742336E-002
         390   5.7344710313226813E-002
         391   5.9145265511659051E-002
         392   5.7226951339209450E-002
         393   5.9840346959965589E-002
         394   6.0716501454986936E-002
         395   6.2707322190145090E-002
         396   6.3198635757098498E-002
         397   6.6183095811167866E-002
         398   6.7699810351996806E-002
         399   6.8372510930183594E-002
         400   7.0257323079467610E-002
         401   7.3719369059436685E-002
         402   7.5891546350721248E-002
         403   7.6122047621364361E-002
         404   7.3398155428927678E-002
         405   7.5452810233145484E-002
         406   7.6550906049595635E-002
         407   8.1426076261224167E-002
         408   8.2041446899448492E-002
         409   8.2841706488942748E-002
         410   8.3171675133507553E-002
         411   8.3077239796683661E-002
         412   8.4979682345269578E-002
         413   8.6598568746181936E-002
         414   8.9148491856182357E-002
         415   9.1803942281007092E-002
         416   9.3281539642146555E-002
         417   9.3466015373439432E-002
         418   9.5982739374261924E-002
         419   9.2236422848006705E-002
         420   9.4647216944944740E-002
         421   9.8146351005544738E-002
         422  0.10127612624652801     
         423   9.6473813852018017E-002
         424   9.8871417505430229E-002
         425  0.10169899729758670     
         426  0.10472637958973281     
         427  0.10708878817707257     
         428  0.10758144186550184     
         429  0.11099480894632970     
         430  0.11732624037659918     
         431  0.11951737425458063     
         432  0.11909773733877461     
         433  0.11829590667159429     
         434  0.12512370105960899     
         435  0.12634837122492795     
         436  0.12549358817625603     
         437  0.13094097005361047     
         438  0.13159816854295833     
         439  0.13405364493109365     
         440  0.13555702624044261     
         441  0.14411261474245174     
         442  0.14552936009713213     
         443  0.14444103302541439     
         444  0.14964939477079947     
         445  0.15082506930341610     
         446  0.15306833618591906     
         447  0.15429833036098914     
         448  0.16593663977995002     
         449  0.16668069170626987     
         450  0.16801579231705885     
         451  0.16989095923170011     
         452  0.17455607422863395     
         453  0.17462574479881671     
         454  0.18695422175451121     
         455  0.18647380195210753     
         456  0.18769192048250358     
         457  0.19400814294838645     
         458  0.20383591483117461     
         459  0.20723844148586779     
         460  0.20991090497235768     
         461  0.21347520601192704     
         462  0.21816949419356560     
         463  0.22291985749685791     
         464  0.23114456531188562     
         465  0.23137672365563533     
         466  0.23722770469447232     
         467  0.24291764637631966     
         468  0.25363757863759462     
         469  0.27330281084480634     
         470  0.29025380975709275     
         471  0.28921790365077116     
         472  0.29010448096220803     
         473  0.29220275968391923     
         474  0.30022336016317369     
         475  0.32033774891506417     
         476  0.35704027269237049     
         477  0.35726225938784217     
         478  0.37812918979508403     
         479  0.44168626497131630     
         480  0.59685427429400262     
         481  0.72997507688530272     
         482  0.99950651135289259     
