   3.9270522651439171E-008
   6.6722305143985398E-008
   8.1229296952722364E-008
   1.8613273128913522E-007
   1.9422261753800223E-007
   2.6002125704837667E-007
   3.1562516071339380E-007
   3.3756710362213934E-007
   4.8704726345443940E-007
   5.3653750448762518E-007
   6.7493272698631249E-007
   8.0460347745836246E-007
   9.5489163112062192E-007
   1.1378622600815860E-006
   1.1643202693586498E-006
   1.2734852019225302E-006
   1.4443968533690487E-006
   1.5367404610013777E-006
   1.7592289080022011E-006
   1.9080385192830325E-006
   1.9762013668811776E-006
   2.1424281295826751E-006
   2.3039107856612661E-006
   2.4449778062396015E-006
   2.8236547255093266E-006
   3.2026401366904131E-006
   3.5817416349623819E-006
   4.0010286826429090E-006
   4.2808202376893673E-006
   4.4225076240140965E-006
   5.2912875931418135E-006
   5.6998682143793881E-006
   6.1309377637945939E-006
   6.4394729220826981E-006
   6.8575432397509835E-006
   7.3924823485546472E-006
   7.4976865391016166E-006
   8.1439851532512835E-006
   9.1049177465630910E-006
   9.5389078918701995E-006
   1.0400466544102507E-005
   1.1359267752217825E-005
   1.1749957782827801E-005
   1.2094557390460603E-005
   1.2844721382002881E-005
   1.4531847550420028E-005
   1.5449974365875406E-005
   1.6451540894150872E-005
   1.7054839733572062E-005
   1.7782180684382543E-005
   1.8892001037684171E-005
   2.1269801201678643E-005
   2.2696004645601606E-005
   2.4034944909236004E-005
   2.4606281834226558E-005
   2.6810374133335213E-005
   2.8117854215066718E-005
   3.1041496957118187E-005
   3.2885612309005326E-005
   3.4484855089648445E-005
   3.6123185606353129E-005
   3.6555869688352087E-005
   3.9105521389128099E-005
   4.4432557170611505E-005
   4.5349516346865922E-005
   4.6535462237969581E-005
   4.8793127390452637E-005
   4.9394308625574236E-005
   5.3504649050672875E-005
   5.4195517484931783E-005
   5.7631502500762454E-005
   6.0953893925170998E-005
   6.2228540803729735E-005
   6.4868553881562092E-005
   7.0181537868156628E-005
   7.3997114266762288E-005
   7.5037914601183762E-005
   7.9675999089200340E-005
   8.4564310915918444E-005
   8.5114960524899553E-005
   9.2810809363831246E-005
   9.4164495734405459E-005
   9.7309163699711202E-005
   1.0016457061818527E-004
   1.0492505991890454E-004
   1.0947311833533716E-004
   1.1278499853567527E-004
   1.2142592230892460E-004
   1.3085890803934551E-004
   1.3249897876373341E-004
   1.3598818579115760E-004
   1.4547132096329933E-004
   1.5249847738886329E-004
   1.5562343391557212E-004
   1.5801263348325093E-004
   1.6325745750127125E-004
   1.7182545879631251E-004
   1.7905422843535581E-004
   1.8534028667045312E-004
   1.9237078791450022E-004
   2.0085552249177467E-004
   2.1311655806778121E-004
   2.1634898241345223E-004
   2.2456147761942106E-004
   2.3343631482348985E-004
   2.4221356394393573E-004
   2.4740914768830964E-004
   2.5280543180080940E-004
   2.7654387387102304E-004
   2.8670677048588854E-004
   2.8844568905327816E-004
   3.0248258483043052E-004
   3.0564024497598403E-004
   3.2882742836127192E-004
   3.3422720495159929E-004
   3.4551341438949487E-004
   3.6721990315350224E-004
   3.7379592630805387E-004
   3.8594337675336817E-004
   3.9359139070938232E-004
   4.0222410109354886E-004
   4.0685556363814665E-004
   4.2724937150629208E-004
   4.3902992034207313E-004
   4.4513796304697644E-004
   4.6412544309624667E-004
   4.6523843760156472E-004
   4.9799083041808870E-004
   5.0670539934968937E-004
   5.4392835920998310E-004
   5.5936732791851522E-004
   5.6966628032636502E-004
   5.7576429588898441E-004
   5.9822307061790350E-004
   6.0904651883609076E-004
   6.2935178724729676E-004
   6.5500155201855088E-004
   6.6996080318983153E-004
   7.0656625622147670E-004
   7.1878044278094583E-004
   7.3494006357835136E-004
   7.4956944733823715E-004
   7.6758291849586156E-004
   7.7509473575798095E-004
   7.9567577724686054E-004
   8.2023004285484914E-004
   8.4643694355007650E-004
   8.6434427036638506E-004
   9.0370947923198747E-004
   9.4105734284575106E-004
   9.7391237439053123E-004
   9.9531654874134858E-004
   1.0286291048857538E-003
   1.0452621109256666E-003
   1.0809980638377742E-003
   1.1143296732181284E-003
   1.1274317692518501E-003
   1.1571094819795482E-003
   1.1825685020313177E-003
   1.2280105393440686E-003
   1.2457553824580714E-003
   1.2986231887500740E-003
   1.3099771447517001E-003
   1.3354198776410935E-003
   1.3691323620517322E-003
   1.4005815064003914E-003
   1.4443426826578837E-003
   1.4681338795905048E-003
   1.5512547466720362E-003
   1.6080842156368745E-003
   1.6426888557390001E-003
   1.6885009158389105E-003
   1.7448705450445739E-003
   1.7829253870502958E-003
   1.8139012742565432E-003
   1.8971329033933230E-003
   1.9819783635986366E-003
   1.9888717651204901E-003
   2.0359270155472274E-003
   2.0400918742005791E-003
   2.0690800155681974E-003
   2.1055931052999114E-003
   2.1460483814298116E-003
   2.2379038317821014E-003
   2.2989109417850015E-003
   2.3828584982881831E-003
   2.4157526065774738E-003
   2.4274007854915560E-003
   2.5081212271242984E-003
   2.6049490743174364E-003
   2.7177777456495462E-003
   2.8150162994356777E-003
   2.8801529323128640E-003
   2.8837765533505874E-003
   3.0217542516230347E-003
   3.0834763341755309E-003
   3.1052631275216807E-003
   3.1531706965252657E-003
   3.2005637004172372E-003
   3.3020194357623461E-003
   3.4295555073572347E-003
   3.4995039498337665E-003
   3.6293220484586541E-003
   3.6629346575073043E-003
   3.8261917560444333E-003
   3.8819324499754326E-003
   3.9347375558479837E-003
   3.9959129914823545E-003
   4.0333249895468755E-003
   4.3732620962876429E-003
   4.4626445416296283E-003
   4.6095862308679209E-003
   4.7628524145434609E-003
   4.8048022185993161E-003
   5.0762752043667543E-003
   5.1383383911206932E-003
   5.2015777756026149E-003
   5.2943175013359161E-003
   5.3203691030693336E-003
   5.5329427311190506E-003
   5.7710068948491570E-003
   5.9069551284645959E-003
   6.0456685368166048E-003
   6.1059207674460693E-003
   6.3306684719218759E-003
   6.4675022243831752E-003
   6.5043650689627450E-003
   6.7917614018287182E-003
   6.8799953518480107E-003
   7.2618733415666364E-003
   7.4173574235946622E-003
   7.6175504882683596E-003
   7.7202823201867584E-003
   7.8637177457791980E-003
   7.9513701524823004E-003
   8.2159117973625954E-003
   8.6808346187998760E-003
   8.7478062508748004E-003
   8.8410973471294268E-003
   8.8719258254720719E-003
   9.4392374443651676E-003
   9.5772392062611934E-003
   9.9807258665083470E-003
   1.0174549476223682E-002
   1.0446400321902041E-002
   1.0509549135130816E-002
   1.0915225696921464E-002
   1.1224387824583754E-002
   1.1489024104610031E-002
   1.1920001552224772E-002
   1.2058331022869054E-002
   1.2274618389165179E-002
   1.2636353779690034E-002
   1.3073699676852308E-002
   1.3394144109753574E-002
   1.3759901189763397E-002
   1.3961182067134254E-002
   1.4643225273415588E-002
   1.5089948343409957E-002
   1.5602500829873760E-002
   1.5962634383225333E-002
   1.6116115538763916E-002
   1.6335608718526816E-002
   1.7163692502931892E-002
   1.7538334730295261E-002
   1.7675182450758224E-002
   1.7772328593464583E-002
   1.8389813511075426E-002
   1.8931325193463595E-002
   1.9084225029059879E-002
   1.9592037772198076E-002
   2.0527105853240454E-002
   2.1597746565574241E-002
   2.2140472303512435E-002
   2.3422685765937260E-002
   2.3570856947633022E-002
   2.3742643139851957E-002
   2.4406283921028095E-002
   2.4799508766591816E-002
   2.5386431466438649E-002
   2.5521289040316100E-002
   2.6011881001165180E-002
   2.7177170614765659E-002
   2.7727155661145208E-002
   2.8009771538158135E-002
   2.8942579764379611E-002
   2.9188149715147299E-002
   3.0825006991334482E-002
   3.1825619344703980E-002
   3.4051512189081402E-002
   3.4742930725366772E-002
   3.5653874909187130E-002
   3.5917541018835944E-002
   3.6309127326560893E-002
   3.6911917620979770E-002
   3.7844130301197536E-002
   3.8637921507390142E-002
   3.9380133933849405E-002
   4.0367339314261903E-002
   4.1505048239514286E-002
   4.2176479600881896E-002
   4.3442811859410034E-002
   4.4623823151531010E-002
   4.7664255975474516E-002
   4.8145704327658238E-002
   5.1453901750447222E-002
   5.2137813581634398E-002
   5.3774405682896979E-002
   5.4218874040053121E-002
   5.5115069227790192E-002
   5.5652779758159701E-002
   5.6479619228845791E-002
   5.6839351498932537E-002
   5.8286625685920315E-002
   5.9883940302211010E-002
   6.1709199374111741E-002
   6.1789084323482277E-002
   6.5374817604202523E-002
   6.9298609847553719E-002
   7.4247032910147837E-002
   7.5154899366142197E-002
   7.6982677037722824E-002
   7.8072172913832186E-002
   7.9395402571579093E-002
   7.9755546030855981E-002
   8.0772520666941891E-002
   8.1704316549862668E-002
   8.4643476857649974E-002
   8.6746935045227958E-002
   8.9392973697433334E-002
   9.1123912495933587E-002
   9.6825550201171423E-002
   9.7658945856555920E-002
  0.10134044913846053     
  0.10594593905824404     
  0.10975814268251671     
  0.11165189882835688     
  0.11187517497793659     
  0.11542090202387223     
  0.11648721318487332     
  0.11984122851890965     
  0.12140220938006319     
  0.12269369645295110     
  0.12906630814163217     
  0.13316237226038119     
  0.14062768002182033     
  0.14236384468946997     
  0.14734778182780062     
  0.14990096748202389     
  0.15338337985701281     
  0.15583193706815138     
  0.16064607045997287     
  0.16422530502683488     
  0.16767121296852042     
  0.16998583288853594     
  0.17454629110820571     
  0.18220916396824322     
  0.18432632753999650     
  0.19367416293740286     
  0.20010788706385166     
  0.20118752983799398     
  0.20876908591475993     
  0.21405024506656009     
  0.21711122861168183     
  0.23053969289471268     
  0.23575939906439167     
  0.23786800070494107     
  0.24309741250238967     
  0.25172758222034425     
  0.25391748543382492     
  0.26251639252795561     
  0.26586906252603076     
  0.27274955209957175     
  0.27979354936639794     
  0.28156262569309293     
  0.29723303243086208     
  0.30971653647726172     
  0.32225512736420980     
  0.33164814223995470     
  0.34046827926587686     
  0.35197519602241156     
  0.35388151221569708     
  0.36239655163005774     
  0.36618109212207495     
  0.37573995260587323     
  0.37775550974297112     
  0.39391961881033621     
  0.40989539297090111     
  0.42604566779022329     
  0.44397005090036262     
  0.45839705923292151     
  0.46173472389399201     
  0.46965449264343073     
  0.47986675322041045     
  0.48660162353277864     
  0.50731401610247118     
  0.51950564198555671     
  0.54514635099497732     
  0.57193754534402286     
  0.58163646634049559     
  0.59071050550145632     
  0.59942426533476745     
  0.62315479842272326     
  0.63013198213015142     
  0.65015619147639969     
  0.66168663771670144     
  0.66901856936995119     
  0.70715234736212584     
  0.73412561142688737     
  0.75293032035878216     
  0.78368366392103239     
  0.82091758603964760     
  0.82746833181518820     
  0.83806113877658395     
  0.86878427386302925     
  0.87302557439123651     
  0.89893784121627063     
  0.94861412390386957     
  0.95894873641801126     
  0.96644542596698202     
   1.0485715318707771     
   1.0600034655819335     
   1.1065881571870921     
   1.1219390577548498     
   1.1565135893135940     
   1.1724045107807219     
   1.1930288972519898     
   1.2522760378519606     
   1.2826929090976937     
   1.3471736512692207     
   1.4012989069929569     
   1.4222699715744991     
   1.4491063496033525     
   1.4806309509402895     
   1.5224349227860077     
   1.6207412256065363     
   1.6234060016808840     
   1.7008075405390308     
   1.7826252219224081     
   1.8067124350676969     
   1.8142404412922810     
   1.8655398976268511     
   1.9631059782088811     
   2.0598362910072612     
   2.1612870160546076     
   2.1775041734398788     
   2.1959808588166467     
   2.2431634680363164     
   2.3409998555876386     
   2.4352054557969995     
   2.5169079953214459     
   2.6489208754053499     
   2.6866855065839057     
   2.7223558432387929     
   2.8735131538042769     
   2.9045241275658689     
   3.0430847642436465     
   3.1455960374394616     
   3.2505326965931101     
   3.3046075408214635     
   3.4528085710762819     
   3.5898211791876489     
   3.7143211466944925     
   3.7944847747257220     
   3.8979002049495919     
   4.1090195341147400     
   4.1762694253807497     
   4.3113032209227740     
   4.5091413535813185     
   4.6566372368369437     
   4.7307663109713225     
   5.0771020337550254     
   5.1492293357805590     
   5.5057335752857357     
   5.6703379164391476     
   6.0151456956946996     
   6.4153358220017216     
   6.7990182050099142     
   8.1933605323803409     
   8.5768043237706806     
   11.412589424063597     
   11.963626525041388     
