   7.3386681560168093E-004
   7.8752328822847867E-004
   8.7110087473632968E-004
   9.2243824782657332E-004
   1.0463720898333786E-003
   1.2438269021929158E-003
   1.3038990233954382E-003
   1.4298966555169894E-003
   1.4856370083531313E-003
   1.5872420585899922E-003
   1.6519527771695268E-003
   1.6836538426555905E-003
   1.8652611339605586E-003
   1.9023319094353609E-003
   2.0003863653899061E-003
   2.0545981078845918E-003
   2.1414664598818824E-003
   2.2946283505829342E-003
   2.4149420878574221E-003
   2.5223215618210663E-003
   2.6014988633431993E-003
   2.7779647596020860E-003
   2.9114643112882086E-003
   3.0218695815409659E-003
   3.0569138512505220E-003
   3.1275784305418225E-003
   3.2738913364358116E-003
   3.4099766627548860E-003
   3.6083099301848771E-003
   3.7408903513796422E-003
   3.8203017085592047E-003
   4.0348429005117991E-003
   4.2675139753072487E-003
   4.3394647368874854E-003
   4.5200079157306314E-003
   4.5816365774006482E-003
   4.6444422186745875E-003
   4.8370406721263207E-003
   4.9278019031279464E-003
   5.0460447377770369E-003
   5.1905758282633462E-003
   5.3217300028293628E-003
   5.4399846406479515E-003
   5.5313084981036221E-003
   5.7808346001001348E-003
   5.9948688848589435E-003
   6.1379052397273377E-003
   6.5756226213203057E-003
   6.7265607364463782E-003
   6.8505616119830847E-003
   7.1009283488133864E-003
   7.2959318979004010E-003
   7.6542445580222431E-003
   7.7764918764159354E-003
   8.0149845429396353E-003
   8.4225120051667508E-003
   8.4937421043932287E-003
   8.6716225613655325E-003
   8.8258203598323322E-003
   9.0979008004313557E-003
   9.2854610432849937E-003
   9.4652954520539050E-003
   9.6085146415086330E-003
   9.7737816059837706E-003
   1.0113807208088585E-002
   1.0375316369303137E-002
   1.0727332984312686E-002
   1.0935923404826877E-002
   1.1929543400006197E-002
   1.2044828884529370E-002
   1.2353471836113544E-002
   1.2822592370768830E-002
   1.2866521217498322E-002
   1.3293320080462650E-002
   1.3467981702765650E-002
   1.3920331084333307E-002
   1.4244121682197675E-002
   1.4691811823942727E-002
   1.5013853299472616E-002
   1.5267474539290464E-002
   1.5755892768270177E-002
   1.5956952633198750E-002
   1.6771539170756515E-002
   1.7122372416118612E-002
   1.7240273992145141E-002
   1.7507407407340563E-002
   1.8044397847047564E-002
   1.8522529570970819E-002
   1.9009279787903274E-002
   1.9398564664732759E-002
   2.0136189375445167E-002
   2.0648418372601132E-002
   2.0846373223388309E-002
   2.1895094358735996E-002
   2.2028450443126228E-002
   2.2586976169788400E-002
   2.3843633214477928E-002
   2.4393190334698445E-002
   2.5365411757954925E-002
   2.5554269847376344E-002
   2.6671564378830056E-002
   2.7235041090591213E-002
   2.7856686371862012E-002
   2.8063306542276501E-002
   2.8663009131036948E-002
   2.9661924132513662E-002
   3.0334878885482478E-002
   3.0392022812996779E-002
   3.0877365526056709E-002
   3.1490950370495770E-002
   3.2691737359301073E-002
   3.3501879788292561E-002
   3.4121345190058230E-002
   3.4529969592438342E-002
   3.7297709249489906E-002
   3.8023874319135856E-002
   3.9291714547788723E-002
   4.0070824581570706E-002
   4.0568670886125577E-002
   4.2451202755549401E-002
   4.3381549199692539E-002
   4.4641607978033744E-002
   4.5131152919840198E-002
   4.6644673961268056E-002
   4.6826744771342840E-002
   4.7618466541516836E-002
   4.8637817049417359E-002
   4.9812117285560342E-002
   5.0698705631255260E-002
   5.2366722563437836E-002
   5.3347942546703837E-002
   5.5583097770496755E-002
   5.6090848302708413E-002
   5.8100797020248958E-002
   5.9643091110790462E-002
   6.2827711297562955E-002
   6.4193021424286456E-002
   6.7350392947200396E-002
   6.7884555047980258E-002
   7.0460830794442139E-002
   7.2228658961644238E-002
   7.3383519808495321E-002
   7.5439889605077651E-002
   7.6359789521501090E-002
   7.7364718810242442E-002
   7.7997464119341664E-002
   7.8683864292166575E-002
   8.1004815083073375E-002
   8.2256674852575859E-002
   8.4810640293964568E-002
   8.5334093136258629E-002
   8.7087783255879889E-002
   9.5013123169082975E-002
   9.9351815495214754E-002
  0.10207845284655313     
  0.10423893632339708     
  0.10617354294598220     
  0.10888616500867146     
  0.11170058446400349     
  0.11463942810516445     
  0.11622263545391665     
  0.11723363459633060     
  0.11928559982904766     
  0.12096536715212559     
  0.12248307428186925     
  0.12403704808214422     
  0.12528982131514901     
  0.12765228650257326     
  0.13176426273589315     
  0.14929094360264905     
  0.15120504244861402     
  0.15238936366662212     
  0.15517911303374732     
  0.15731746379680972     
  0.16132138389254075     
  0.16531745020293923     
  0.17030407659178046     
  0.17443439769310704     
  0.17743952349073003     
  0.18094573760819263     
  0.18440517501611253     
  0.18667247934109196     
  0.18978134974343808     
  0.19300475946008597     
  0.19451198760017144     
  0.21075272658994196     
  0.21641894238157652     
  0.22458130323377729     
  0.23070191616269342     
  0.23194082903244961     
  0.23435917288419897     
  0.23761405538833993     
  0.24883926532584358     
  0.25230254600840230     
  0.25331752218263626     
  0.26045735668147008     
  0.28001362754164988     
  0.28057269616067221     
  0.28356014845553379     
  0.28828695161159762     
  0.29915079796582844     
  0.30287460110313730     
  0.31677082557754338     
  0.32532278754486743     
  0.32805762388507970     
  0.34308041022307950     
  0.34457773402533076     
  0.34937224552674290     
  0.35264824328974442     
  0.36219257474710986     
  0.39186239555495689     
  0.39590372944981672     
  0.40297344234768911     
  0.40759716703270521     
  0.41542980879145075     
  0.41848634317631667     
  0.42472365629204212     
  0.45417995901437497     
  0.45741787926623045     
  0.47916045815934522     
  0.48593353867999206     
  0.48862644443907566     
  0.49921005949722902     
  0.51917290545030514     
  0.53343657096857466     
  0.54531835607766177     
  0.55968448888008460     
  0.57062448915300379     
  0.59477705828764316     
  0.61110656885271186     
  0.62046309975211589     
  0.62352831460665104     
  0.64777564728371029     
  0.68061001007978206     
  0.68152149935954964     
  0.68934543829921224     
  0.69734234171480713     
  0.70664792750686278     
  0.76338016313177959     
  0.77123884051988389     
  0.82289656021050828     
  0.83585077946999942     
  0.83944568635038797     
  0.84436965705010614     
  0.89395116940760977     
  0.89805803126827111     
  0.91307650629629300     
  0.92741405508371355     
  0.94537298823451632     
   1.0112135871876755     
   1.0267193875819984     
   1.0701916091948198     
   1.1169269280660210     
   1.1261547371526561     
   1.1288690652380124     
   1.1375743303864747     
   1.1427823634574643     
   1.2376059153188592     
   1.2440666406766114     
   1.3320761726313479     
   1.3357393655806444     
   1.4062675863682768     
   1.4215641090940343     
   1.4362053099869612     
   1.4674693671233214     
   1.4810575956684857     
   1.5910901618313702     
   1.6017452055136074     
   1.6728358453507088     
   1.7259039660995856     
   1.7482733525137806     
   1.7694167909876330     
   1.8588585904132817     
   1.8787675778686037     
   1.9706238570567562     
   2.0141227212196178     
   2.0926247390041204     
   2.1026102764044436     
   2.1269525603127124     
   2.3020167482669849     
   2.3232800929432327     
   2.4033625111139845     
   2.4558545607018765     
   2.4985762882821470     
   2.5203293994842921     
   2.7570129464349558     
   2.7622876038362310     
   2.8688660693135479     
   2.9075368697676778     
   2.9286289080918873     
   3.1986588426673244     
   3.2044236501045118     
   3.2744782060742259     
   3.3448353220960207     
   3.5989202075755822     
   3.6503648530241284     
   3.6834688618477083     
   3.9691754859553567     
   4.0263368150534298     
   4.2378442079454199     
