-1.3081 6.2755227
-2.4206433 3.3703288
3.5097409 -1.9011924
4.9873834 -1.5970195
0.22458251 4.9711746
2.5839669 5.768568
4.5257807 -0.84163682
-2.5956708 2.0344728
-0.25022984 6.4261953
1.9337602 5.6247625
4.2997494 -1.0904688
7.9104699 2.871352
-1.4580842 -1.8289867
-0.14886437 -0.73671133
3.5564333 1.2450575
0.47125377 12.894917
0.45951189 2.9545653
1.4854588 1.3791682
1.0715575 -2.3016058
0.45400788 3.8800102
10.560833 1.0006689
2.8911823 0.58944989
-3.1487318 1.0178367
-0.0019073821 3.1377557
2.8814585 6.9728379
-0.25362398 3.8834437
4.4915641 0.49835962
5.4133018 0.68579149
0.62261397 4.9256295
2.6807457 1.9133894
0.87396363 -1.3973683
-1.1691238 1.9893316
0.052077755 7.6767677
6.5409353 4.2561362
1.6093449 2.3430386
2.4995263 6.8551375
9.3024792 -0.97014277
0.43185425 -1.5409213
0.079597791 12.186847
-0.78049507 6.2245747
4.813044 -2.560486
3.9213948 -1.6176714
0.60724861 7.9769011
4.3839149 -2.2718651
1.1655384 4.2135197
-0.58693748 4.4623517
2.1430501 3.551045
0.89107192 -0.03439727
-2.2623573 2.8312097
0.58798459 20.892532
-0.44530103 3.8297691
-0.54510703 3.0089468
3.9857 6.6813389
-0.99909589 9.6806527
-0.25862345 -2.0831204
0.16977178 12.426893
-0.11937207 0.94022822
-0.62941007 1.8151796
-1.6861795 -0.12377076
1.4533063 1.3158998
0.74292239 2.1625748
2.6418049 1.8640573
-0.57180146 3.8652156
-0.066900534 -0.80119153
3.3235679 2.937751
6.8417293 2.7551665
8.0394013 -0.26959598
-0.62314926 0.27641545
6.6333338 4.6455168
0.094573278 5.6133762
4.7414231 0.44607361
1.0287868 11.014161
-0.52737954 5.4546246
1.3823275 8.8819213
4.6421675 5.4063529
2.2475574 8.2913493
0.80330594 5.0985445
4.3919186 2.4825774
-0.76753772 2.6510237
0.83522918 -0.76799205
0.88302231 2.5933601
-0.18695669 3.4416509
-1.5049829 2.0488382
1.5772611 8.1436054
1.0723602 -0.012912287
3.0427947 3.5232483
-0.37959694 10.407734
4.3347687 0.70651907
2.7408082 5.5765159
-1.8385258 0.58695047
-2.1401454 4.0730215
2.1660064 0.56049187
-0.89935869 2.8621875
0.091362607 10.46772
-1.0945675 -3.2729745
-0.56031185 3.1578774
0.21465237 -2.6072682
1.8317297 1.0238202
9.9938054 -0.81979838
1.585884 10.641822
6.5879258 -0.6557955
1.1851923 4.0251537
0.36615017 1.1973664
-0.085912292 7.9513766
-1.5514459 0.99943185
3.105678 7.0408779
0.21423957 4.484695
3.1383351 0.66294318
4.0600729 -1.2436913
1.2405534 6.348915
-1.9121419 0.44804285
-2.3062288 6.4951441
-1.4857648 10.991893
4.3499506 5.4464952
-0.54329529 5.8312556
0.32266851 3.1587358
-2.9166232 -2.1394459
0.56557869 1.495278
12.417541 0.89905078
1.9320402 2.6441061
1.7471056 11.075308
12.089869 0.026927083
3.2717156 10.199953
7.0195775 -0.30350237
2.620775 5.3339957
-1.7032648 4.67142
4.8956729 2.0085949
1.4729143 -2.5479383
7.7386761 2.2138005
1.3077941 -2.8977573
3.9922818 7.3318214
0.37871765 8.4402547
-0.94921582 3.1626743
0.29175434 3.0988505
4.338117 2.0988773
-0.91490751 4.1493172
-0.30212804 0.96055186
2.3724525 3.2093303
4.933662 1.5206384
2.4884151 2.5385873
-0.06397653 4.2109319
1.4155006 9.148792
0.57375444 0.39200769
1.019946 -0.51283578
5.8975971 -0.9010298
5.3868253 -1.101388
-0.36431186 4.8328098
4.9738413 0.7561668
3.9207412 6.0745459
-0.19185296 -3.4489317
-0.34009422 2.5731248
3.1556842 3.72882
-1.5762942 -0.60150237
-1.6320682 3.5704724
5.0431918 7.4419098
13.798233 -0.56110757
10.014411 2.71895
-2.0774341 -1.0437244
1.7129922 1.6457612
1.9093018 -2.2301196
6.2726952 1.003282
-2.4030879 0.9596556
3.640312 0.82796855
4.4780219 3.487966
-0.13869343 0.48638004
-0.031548754 17.69618
0.83808438 4.237441
0.31997384 1.0074729
3.0422558 -1.7842116
0.08917247 -1.3124003
-1.2917829 0.088693254
1.5842443 5.0790666
-2.4564309 -1.3598642
-1.718527 10.264547
1.1171375 -1.0783125
4.96187 4.3660984
1.9838352 3.973461
0.50435808 8.9630265
-0.95163529 1.3623412
1.2792306 -1.0420581
2.5649666 -2.4316392
-2.0848186 2.6871896
0.29438021 -1.1729373
0.18870327 3.0281217
5.9187417 2.5110683
6.5506017 0.35317819
-0.95539636 6.1667975
6.7017785 1.9447332
2.1224445 3.6251568
-2.4124905 -0.58761665
3.6593467 1.2044986
14.962376 -0.84917297
2.2117928 12.601083
1.6034166 8.1148367
7.0164242 1.3026579
4.6577736 0.97142058
-1.2161258 -3.2331477
7.1903279 0.50175531
9.0837064 -0.80057298
6.5955282 2.9355419
-0.0090969915 -2.2154008
-1.6015897 4.2720038
0.04007214 -3.1355943
2.3121263 -0.63434839
-0.50592537 2.4679721
2.2769007 2.5067511
6.8885248 0.209095
0.12520078 6.0000933
-1.9281608 5.0386971
7.3127003 1.1220174
4.7981029 -0.52891796
1.2028854 3.2043693
3.6451969 2.1702625
4.9661586 5.6022045
4.0782705 2.469083
-0.49445869 6.040791
-0.10404112 9.7797335
1.6869628 -0.55365978
-0.68709895 2.4606001
2.45679 -1.569185
8.474321 0.04034573
0.6454212 -1.8630572
4.6596771 1.2893529
1.6948519 -0.39753388
-0.89056374 2.8914106
-1.6846085 0.31745405
1.428091 -0.12810058
-0.98486573 2.8126407
6.6715752 -2.0468535
3.5320436 4.3110353
4.0494203 1.1158067
11.144453 2.3599665
1.8657972 1.2527451
-0.74090062 -0.78961589
1.1546795 6.091234
6.77317 -0.1069438
-0.75631184 7.2707621
7.2912806 1.2648635
7.244313 0.38587273
3.7775224 0.24691463
-1.5310926 -0.14875242
1.3904344 4.5556258
13.2468 0.56461972
5.3371745 4.7382103
3.1073178 5.8825949
-0.03363569 14.252397
1.6131633 0.023733369
4.2249981 -2.1907095
1.5096879 11.941007
-1.2892832 4.3387057
-0.7540185 1.2639547
0.69830553 1.090257
2.1132023 6.370665
-1.3434977 10.399036
-0.34837317 4.4367641
-0.93766887 5.6316422
-0.79089535 0.079781151
3.2850055 -1.3211104
3.4846174 -2.3164383
-0.69549256 7.1456393
8.5772918 1.5343978
4.3568191 -0.68166079
4.5035926 -1.2568827
-1.1046238 6.1321338
5.8230924 -2.2700916
2.6586552 3.2559168
4.6268881 -1.3410112
2.4128095 6.6143404
1.2591696 7.8326475
-2.7752677 -0.50201124
-0.30727085 14.383472
2.0104666 0.93866924
-0.58522321 3.1240278
1.8292013 -1.9931852
1.0894627 2.0786104
12.32094 -0.76235572
5.9157432 0.49796199
-2.7189433 -1.1646879
-0.50110364 4.9766342
-0.24204836 -2.5359903
11.79228 -0.92706551
-1.2397414 8.6917438
5.7356704 6.5580906
-1.4532969 1.1839666
4.2883 3.3428666
1.4614419 6.5065872
2.558574 11.089781
5.1887555 -0.078572769
0.61822796 0.80364962
0.0076500971 7.8872814
0.37164844 11.648845
-2.6533539 3.8267963
2.9445883 1.173666
-1.0770063 5.5880095
2.3101598 2.5911194
2.0547738 -0.43687463
-0.96729305 -0.9038385
-1.7576685 -2.662628
1.9733145 2.3043164
0.08874247 8.5671259
8.7880552 2.6095496
-1.3694066 2.0141302
9.1821421 2.3938413
-0.27631081 9.867283
7.4322347 -0.6482909
4.6141831 0.38581593
-2.2313342 -2.6001676
-0.0091829916 12.261887
0.89806086 -0.31846738
-0.55793251 4.5935401
0.57662684 0.46519171
-1.1486959 4.9853696
5.0433122 1.2371363
-2.2205096 2.2276168
2.0381242 1.4059866
9.4076229 3.2399104
-0.10339325 8.3327856
3.0316893 -0.41834352
8.5503738 2.0893656
4.0517653 2.5498663
-0.99944562 2.5377478
1.2682053 0.40328668
2.2614952 2.7595153
2.7179608 -3.3045518
1.6846752 3.8307853
3.9714067 3.7435325
1.5788148 1.9825213
-2.2240872 4.3884355
2.4822059 2.86232
5.6290303 1.6730972
5.9754158 0.50326381
0.26005469 -2.1498665
0.71982276 13.146432
2.1743484 4.1707075
2.8862229 -1.131034
2.5757969 -1.5018582
2.6653288 3.854492
1.2331861 -1.1241669
2.8374207 3.5567823
3.0370327 3.0009499
3.5301918 -0.54086599
-1.6868732 2.083988
6.7643464 4.4333495
5.0896605 4.9940293
-1.9525333 4.693492
3.3080133 7.1755503
-1.2713206 -1.123157
0.51784863 2.1068111
-1.1465631 -1.8195633
8.2065798 1.6148024
-1.0548297 11.707039
10.763375 -0.43725333
1.2744662 8.1248281
3.259945 -2.6617949
4.1339814 1.9941096
3.0611586 5.624693
5.4469623 -0.49996625
7.9567896 1.6813528
-1.4554297 -2.3520678
10.149953 1.7375016
4.3259795 -2.1921044
3.4886365 -0.46563068
3.3460827 -2.2508788
-1.7719101 -1.2927142
-0.22271554 1.5131085
-0.31958606 -0.29981003
16.441951 -0.46138922
1.5396676 -1.0265124
2.4151716 -0.28244027
-0.97823226 0.97141427
6.0184158 -1.709336
-0.67372306 -1.1753168
-0.39925657 7.150859
1.7935399 0.26435382
3.0557922 0.01229028
7.098302 1.2996725
5.6701956 1.7181626
0.99325725 15.840992
0.88611258 4.6063907
-0.64308409 13.632406
3.4592359 1.2344349
-1.4224515 2.452742
5.9521843 0.78766843
2.1830401 1.5761749
-0.021498208 -2.0464306
-1.3659437 12.217781
-0.76857545 5.0485117
-0.48126628 -1.3673941
1.8979326 0.18215041
-2.4054672 4.1440722
6.2717836 2.3731643
2.7250014 4.7863495
4.8664271 -2.4830984
-1.9263434 -1.701358
-0.21789953 -2.3412116
-2.7174527 0.048544611
-0.46301132 -2.4333118
-1.1733952 4.5275198
2.1473558 0.31434238
6.7575123 -1.4775709
