   1.4924054472864384E-008
   3.7409695202829081E-008
   6.7965537679859827E-008
   8.4012642214394333E-008
   1.3325925538577572E-007
   1.7555181780726661E-007
   2.6188343932648800E-007
   3.0449121655586369E-007
   3.4800460901671851E-007
   4.7001348673338681E-007
   4.8969656982817830E-007
   6.3967152499724866E-007
   8.3221140683987025E-007
   8.6483859548182897E-007
   1.1584982182578325E-006
   1.2102156165152685E-006
   1.4854149749041263E-006
   1.4926657857984135E-006
   1.5987589055205525E-006
   1.9611478920210384E-006
   2.4776467119555874E-006
   2.7281003209799698E-006
   2.7871118352969920E-006
   3.0179042682824065E-006
   3.8557175839277901E-006
   4.2620229261435200E-006
   4.3729600118190133E-006
   4.4972380232401426E-006
   5.0535944399625683E-006
   5.2127049276806764E-006
   6.0879141291638794E-006
   6.7049354087673649E-006
   7.2823924509473448E-006
   7.3451692141498265E-006
   7.9369615748358743E-006
   9.4261620088139138E-006
   1.0643567196577838E-005
   1.0942772766817661E-005
   1.1447735851949168E-005
   1.2225377849126113E-005
   1.3865838466297927E-005
   1.4410761233691270E-005
   1.5234752073433151E-005
   1.6908456414513319E-005
   1.7233855687639844E-005
   1.8013264726134584E-005
   1.9207030697324525E-005
   2.0145145651299945E-005
   2.1007529328804073E-005
   2.3525487622415169E-005
   2.5422888475982207E-005
   2.6286551048561574E-005
   2.7170757369945641E-005
   2.8763380298967429E-005
   3.0429338738040113E-005
   3.2329309411266446E-005
   3.3745909446503785E-005
   3.6062583965964250E-005
   3.8839929350713924E-005
   3.9654801725640151E-005
   4.1984919223878483E-005
   4.2749131568153555E-005
   4.3645063807464276E-005
   4.5924767004676104E-005
   4.6116353619250855E-005
   4.9414227170018472E-005
   5.1175040880947299E-005
   5.2615189149263855E-005
   5.8224242850266057E-005
   6.2892107745128568E-005
   6.4272980179679633E-005
   6.4938286896929994E-005
   6.6320604781969718E-005
   6.9593472181964301E-005
   7.1118393423332045E-005
   7.5761691263702050E-005
   8.2270924857279882E-005
   8.6106307032230646E-005
   8.8865901426021281E-005
   9.4328566010095234E-005
   9.7113939309977703E-005
   1.0260559448103314E-004
   1.0394326750736105E-004
   1.0803398750062585E-004
   1.1258727671175842E-004
   1.2215575711256970E-004
   1.2334750708624761E-004
   1.2470571325499521E-004
   1.2558079023265712E-004
   1.3506324619127111E-004
   1.3789584348314034E-004
   1.4084582067132282E-004
   1.4921195751724082E-004
   1.5662953666356909E-004
   1.6162159162809548E-004
   1.6871668208807403E-004
   1.7582113874257198E-004
   1.7667679533227388E-004
   1.9174332945844398E-004
   2.0522206588718803E-004
   2.0753884358956350E-004
   2.1183382195938381E-004
   2.1625989234247200E-004
   2.2826127374486478E-004
   2.3874552899364105E-004
   2.4415081781831166E-004
   2.5157879945324007E-004
   2.5788206002433909E-004
   2.6782915548961730E-004
   2.7376697976566296E-004
   2.8750739826184808E-004
   2.9079225358957344E-004
   3.0260900266111917E-004
   3.1390701826440045E-004
   3.2982389245308510E-004
   3.3847331626631923E-004
   3.4779094379273396E-004
   3.5493031936600255E-004
   3.6852237026233547E-004
   3.8932786788804081E-004
   3.9577663805799422E-004
   4.0538478537148275E-004
   4.1505674073693757E-004
   4.3787701148671450E-004
   4.4082189281337460E-004
   4.5707033401792298E-004
   4.8452474682514525E-004
   4.8657548675646570E-004
   5.0391406697302917E-004
   5.2023171766871126E-004
   5.3229007111184345E-004
   5.4989094261535733E-004
   5.5833582862664774E-004
   5.7661687553299068E-004
   5.9721301089923700E-004
   6.1088849253621610E-004
   6.1872616770258662E-004
   6.4193126892401022E-004
   6.6372320582288430E-004
   6.9807814538753554E-004
   7.0628713348418529E-004
   7.2017577014235525E-004
   7.5955535788440145E-004
   7.8028294442797949E-004
   7.8439082534167591E-004
   8.0604897083813337E-004
   8.4726134408773886E-004
   8.7085416748175569E-004
   8.9867108208716235E-004
   9.1626237557245231E-004
   9.6408640493358586E-004
   9.8719106375581194E-004
   9.8924639979075437E-004
   1.0122695738074561E-003
   1.0464585860196923E-003
   1.0757105990814588E-003
   1.0992639847234242E-003
   1.1414538338279810E-003
   1.1679420164569807E-003
   1.2141919563268713E-003
   1.2463370061499396E-003
   1.2678402237183365E-003
   1.3121210166370599E-003
   1.3498721235461648E-003
   1.3790651547604187E-003
   1.3926028590836585E-003
   1.4578558320687343E-003
   1.5161326686773157E-003
   1.5759544383253557E-003
   1.6014913074522854E-003
   1.6913680237677514E-003
   1.7375056225384490E-003
   1.7876485160209098E-003
   1.8269621146218800E-003
   1.8650131331112156E-003
   1.9123363686666330E-003
   1.9668172449433543E-003
   2.0018991657515940E-003
   2.0502945950794309E-003
   2.1321953369547631E-003
   2.1867485111287115E-003
   2.3072939593527563E-003
   2.3960861542825862E-003
   2.4040686195998255E-003
   2.4687884019369893E-003
   2.5214252145059454E-003
   2.6073375390593401E-003
   2.6882512677468794E-003
   2.7458809455550843E-003
   2.8862570782346307E-003
   2.9236479345112545E-003
   2.9958349445261211E-003
   3.0566975366611146E-003
   3.1262260315581313E-003
   3.2155527489109059E-003
   3.3017556136112265E-003
   3.4052158945858629E-003
   3.4128071662029350E-003
   3.5597867980924499E-003
   3.7277626264676828E-003
   3.7887927009469503E-003
   3.8267214998196097E-003
   4.0251790517189133E-003
   4.1242741508690549E-003
   4.3185196238434108E-003
   4.4070375665196367E-003
   4.6071658154005005E-003
   4.6696216008036400E-003
   4.7086285569695732E-003
   4.9098196809467488E-003
   5.0036119328378354E-003
   5.1617445660664648E-003
   5.2229975364993823E-003
   5.4380494912883333E-003
   5.6190700614684634E-003
   5.7394325185175276E-003
   5.9355379839024867E-003
   5.9958610639833168E-003
   6.1454822791627501E-003
   6.4001818110480850E-003
   6.4897493204709895E-003
   6.5584387147088995E-003
   6.7615443639332702E-003
   6.9644285174801463E-003
   7.1820265091417836E-003
   7.4280751946297083E-003
   7.6373326423246606E-003
   7.9590485583832388E-003
   8.0146357416766081E-003
   8.2072271815228550E-003
   8.4525444321630182E-003
   8.7106602432415487E-003
   8.9816445860021708E-003
   9.1926573972546145E-003
   9.2589271554342715E-003
   9.6197887259151897E-003
   1.0113932191665929E-002
   1.0296900869727706E-002
   1.0538310450269558E-002
   1.0975149240946966E-002
   1.1109822078692159E-002
   1.1253977268912618E-002
   1.1562303847617288E-002
   1.1897885601210337E-002
   1.2089853903584564E-002
   1.2376263339135354E-002
   1.2672219735216273E-002
   1.3399170727929489E-002
   1.3807910865931803E-002
   1.3904709227438078E-002
   1.4398810251131957E-002
   1.4864770377292487E-002
   1.5016481555620477E-002
   1.5421992357358949E-002
   1.5855519083098190E-002
   1.6184246011335508E-002
   1.6611655298332820E-002
   1.7383344041373577E-002
   1.8151144170699875E-002
   1.8531723776013320E-002
   1.8774661631837768E-002
   1.9280838535200382E-002
   1.9556957427242484E-002
   2.0140913864144648E-002
   2.0393901161498442E-002
   2.1191442219129799E-002
   2.1828848121928545E-002
   2.2253313992894853E-002
   2.2879184989309576E-002
   2.4028513731058954E-002
   2.4298644884199097E-002
   2.5306659454336269E-002
   2.6303306221195213E-002
   2.7091230290872705E-002
   2.7642325300628125E-002
   2.8041148951829600E-002
   2.8262950702044428E-002
   2.8792661317111092E-002
   2.9436824124330071E-002
   3.0510242650963727E-002
   3.0779558623401940E-002
   3.3029167007940487E-002
   3.3850144610821913E-002
   3.4827915548422954E-002
   3.5351755074517849E-002
   3.5732209292192410E-002
   3.6722362504771955E-002
   3.7879749884109269E-002
   3.8729620894888767E-002
   3.9604526406828246E-002
   4.1549515886722413E-002
   4.2626257007628933E-002
   4.2771277974045827E-002
   4.4261640550838206E-002
   4.6305073658850747E-002
   4.6648749116367454E-002
   4.7739221342207698E-002
   4.9749656780372388E-002
   5.1119477486494390E-002
   5.2594274596339904E-002
   5.3607728010154829E-002
   5.4058710953516921E-002
   5.5410316184428828E-002
   5.6714096106984316E-002
   5.9093938655338088E-002
   6.0808509126540511E-002
   6.2277454750670036E-002
   6.4885534110806456E-002
   6.5808492443113251E-002
   6.6014166831689133E-002
   6.8498055047728323E-002
   7.1795419573414732E-002
   7.3876950674403308E-002
   7.4361536897741429E-002
   7.5517693999398700E-002
   7.8824261597534501E-002
   8.0576887852159260E-002
   8.0802826931810026E-002
   8.5162611745649444E-002
   8.6081679164864575E-002
   8.8886797644281854E-002
   9.1966626990539785E-002
   9.4292256212436129E-002
   9.4661471380878187E-002
   9.5912208436630508E-002
  0.10104990863722793     
  0.10230858658415481     
  0.10850911439563987     
  0.10910983407224671     
  0.11368933064110745     
  0.11651203858366205     
  0.11826569178246610     
  0.11923637309137153     
  0.12200445427476649     
  0.12712122869966333     
  0.12802396250547476     
  0.13104234568098971     
  0.13632796477354722     
  0.14086483877562717     
  0.14672995032066916     
  0.15189554507022224     
  0.15502711818723131     
  0.15749361287640104     
  0.16224018356340578     
  0.16567346236385588     
  0.17101048614703304     
  0.17201356321181663     
  0.17555843162536064     
  0.18003052260673222     
  0.18315434316521295     
  0.19347620197456461     
  0.19995819938061105     
  0.20447276740002512     
  0.20969077101576514     
  0.21613318151890712     
  0.22284598704608000     
  0.22371157509979819     
  0.23352902132473000     
  0.23514372756419924     
  0.24214990532360825     
  0.24293375717223561     
  0.25300613161034446     
  0.25942631526701665     
  0.26296287343139468     
  0.26732512153412197     
  0.28208144467112917     
  0.28829908217677541     
  0.30229850145244619     
  0.30476404656988293     
  0.31191826257854743     
  0.32135309264656620     
  0.32407614011232738     
  0.33459778518430772     
  0.34378930531278551     
  0.34739419250073145     
  0.36240155962512560     
  0.37604773542106412     
  0.38155473143933777     
  0.40113952241545903     
  0.40748193671262800     
  0.41808719923731652     
  0.42621085954503241     
  0.43708442918641116     
  0.44694938692857578     
  0.45916515669066194     
  0.47350812436931677     
  0.49728469730677166     
  0.51186070433602826     
  0.51459997403814095     
  0.52571961162512892     
  0.54011880659901035     
  0.54930012619651214     
  0.56738422243962472     
  0.59821378184170215     
  0.60729406615126413     
  0.61831882708542940     
  0.63431437249218425     
  0.64529591369362249     
  0.66465156756404598     
  0.67809907250311874     
  0.69239398114967587     
  0.72363733040279599     
  0.73901970003821715     
  0.76064769096192530     
  0.77489479420133434     
  0.81152715161487643     
  0.82403365431495179     
  0.83747737860465499     
  0.87940562933348099     
  0.90109017008473469     
  0.90882917142534647     
  0.91952191418949047     
  0.93632131477327640     
  0.99299357124686705     
   1.0279025147048499     
   1.0446001136439742     
   1.0607569641620607     
   1.0924062673267216     
   1.1219152955314395     
   1.1550344349936179     
   1.2073480913222057     
   1.2322735774285869     
   1.2905542972937851     
   1.3121191956518923     
   1.3484360420176753     
   1.3519371040147665     
   1.4213159182177351     
   1.4488957355953509     
   1.5198294086823763     
   1.5325136356354268     
   1.6218470511599705     
   1.6638818358253589     
   1.6879398807495087     
   1.7182426368374011     
   1.7538115088325259     
   1.7879979139779785     
   1.9159607792679783     
   1.9354830312574471     
   2.0019562473675454     
   2.0253471954148123     
   2.0652886278229583     
   2.1174889905149161     
   2.1819605469120926     
   2.2435632482920020     
   2.2911286828677473     
   2.3809270899446653     
   2.4220245848038182     
   2.4666308880786239     
   2.5795265872584272     
   2.6053601827439583     
   2.6875867336182560     
   2.8041580584802448     
   2.8746266547052879     
   2.8914313922317154     
   3.0285481181742604     
   3.1553804626071500     
   3.1576675433183734     
   3.2826082888818453     
   3.3776225438820497     
   3.4485858576037116     
   3.6167062821567963     
   3.6554754592947134     
   3.8155750319571102     
   3.8773743683603970     
   3.9548424250435068     
   4.1442610096630341     
   4.2643856231817230     
   4.3936367102494644     
   4.5417138120882079     
   4.7015572879679031     
   4.7952278139762798     
   4.9691315838702828     
   5.0870747028187546     
   5.2193117723113147     
   5.5076040617651216     
   5.6284046490382860     
   5.7082245450914026     
   6.0513791094063274     
   6.1571953482469342     
   6.4802408249908643     
   6.6490405362306930     
   7.0386068158334414     
