   5.6249303130375434        5.9592684779710670     
  0.53309227443209251        7.2412279649070719     
 -0.81259141773196619        1.5953800086529433     
   1.6497234232490769       -1.3159284664751048     
  -1.5426963996507643        3.4714370276042543     
 -0.20961059737079468       0.50171792837120810     
   1.1944814933467680      -0.90935978027058084     
 -0.33444423349495001        4.6288896578953942     
   1.3906077335876996        3.2220390338927829     
 -0.48647785914157016        12.427860817177830     
   4.7811580064827606       -1.9311614216862987     
   6.9651740072971098       -1.7297984806927538     
 -0.53615362947996648       -1.6097108488979393     
   5.1855789033299384        1.6920265347214101     
  0.65262907049134666        2.2915039926411240     
   3.1034912843050368        9.1470667165434971     
   1.9948769745051993       0.25635487908804278     
 -0.75375354565968689      -0.38308774269298551     
   1.1897572846402347        1.9056864492107439     
  0.75913850314773557       0.17181318630449338     
  -1.2536607215146756       -1.6304619916720831     
  0.53838911449699323       -2.8382553572116098     
 -0.77522722159847479        6.8256286887915785     
 -0.84680614139443566        11.823579853986324     
 -0.76663775122295963       -8.9113220059279463E-002
  0.70846062793219611        1.1282871560238328     
   2.2373863547739137        4.6098677770190957     
 -0.42191367348561348       0.99148332588318011     
 -0.72426303070375120       -1.7507417636777691     
   6.5550983757860521        1.5140086293487767     
  -2.5062202390241897       -1.2036225132205942     
  0.48749650252206544       0.61325532078223199     
   1.3166667094384725        12.043292185118116     
  -1.5860016461273203       -1.1367577198372416     
   5.3920840869412849       0.53409355390309043     
   11.435921758833011       0.52141229998555749     
   1.9067633242363713        5.6715385121906916     
   4.0803288027605102        4.1622771557934630     
  0.13146295545695752        5.8961504186997136     
 -0.42055367400949040        2.4499235965048434     
 -0.14110957112606037       -1.0362683895513407     
 -0.49785890738912775        3.7618569563368340     
   2.9470913445508624      -0.66505350214720993     
  0.69779536888259797       -2.4788570927760887     
   4.1209856292046165        1.2794054318744270     
   1.7820728459518080        2.6247711883980940     
   3.5205816499560991        7.3498832541550208     
   7.3686643781869403       0.61114177846264317     
   4.5146696880823995       -1.4854922025693829     
   3.1048512837811599        5.1594848502176021     
   3.4507206242352413       -3.2912208379306307E-002
  0.72442272704669497        1.9430577202252901     
   5.5402524509189224      -0.24119219696423233     
  -5.2857264679362359E-004   5.5906474834137043     
   6.8756287786323629       -1.2034303730097227     
   9.6343161370285824       0.85808998448550033     
  -1.5377216647249450      -0.36392175665853310     
   1.9713632993522263       -2.8110194823205461     
   12.727670734930813      -0.57297030608694621     
 -0.88549454754415224        2.2192112383006459     
   2.8881461040988889       0.66825545614425730     
   3.1171986474459632        7.5668575872818913     
  -2.0250309506958448        1.1140207453666089     
   1.1267320457598911        3.7701670204570346     
   4.6267980659427721        2.2209405001984917     
  0.81307321921399245        14.434909424890925     
 -0.66087989722442808        5.7670802320466468     
   9.7284021254386399E-002  -1.1591900894565130     
   4.9812568767723686      -0.24690836823766560     
   7.4344096160195292      -0.55125846225844377     
  -1.0359534369552614        3.8203156154945490     
 -0.29382319651074207       -1.8731831130557621     
   2.0731485233020819        7.6696526000982530     
  0.66791116986778443        9.5618493967627867     
  0.35353655412392504        3.9413639483437222     
  0.58717014833794012       -3.5290474503481009     
   9.7206403143025106       0.46285757072240630     
   5.0159010739536143        2.0061277444439267     
   11.193376589104400      -0.72101433856359343     
   1.4093972000341393       0.92524298818515982     
   3.1822638855404910       -1.4050334892668572     
   2.4218094416282061        5.0754715430139505     
  0.88944792663628247        12.641184486298140     
   2.9469123972513729        2.2171937660864933     
   2.1131611394680241      -0.54962527046603427     
 -0.97675767028400218       -1.9545544923599285     
   5.1881915339024900        2.7997628854494976     
   13.734141926181815       -8.6951642686972530E-002
   3.6515352837228083       -2.8925830018355843     
  -1.9957551724992968        1.2837766216717585     
  -2.1337593298659088        4.8229993059285317     
   2.0050769705761238        6.1727842873022478     
   2.3881673493241045       0.15879568701793589     
   1.7224833952216714      -0.41877778686240408     
  -1.2895575497923497       -2.6967921269573183     
 -0.19354112987660121        1.3227810844787142     
  -1.5815995425598688       -2.7167747088879755     
  0.73583956475415091        6.1577973508542545     
   3.4938782112104771E-002   1.2451564392865460     
   2.5900199031487134       0.57036001870512409     
  0.68659326793452946       -1.6277239936671615     
   3.0320913118085655        7.8163516510987971     
  0.39798706331721689        2.6946621901026755     
 -0.31205792632876328        11.566808479682651     
  -2.0184993742644632        5.8948294547499707     
   2.9553766045172449        2.8098262289939027     
 -0.68197778383428753       -1.3342538390869936     
 -0.45693365999578717        4.1048512502691832     
  0.23136923276216947       -6.5359886490265140E-002
  -1.9535057150897310       0.65209166090467496     
   1.1467204591129136        4.7392982265675467     
   6.5661036347046799      -0.92345806824329202     
   2.4746525791675738       -1.1409607869500600     
   3.6989384233576836        6.8720545672434525     
   1.1772130789459925        3.8625624443599649     
  0.24955027839034338        1.0619267306940183     
 -0.78691248025516547        2.3515718260648906     
  -1.1734386471533527        5.6033527548575961     
   6.3200153084461679       0.29567156973766506     
   7.1743812951307540       -1.3613456088199034     
   2.4329936478463252        9.6874850771465209     
   4.6820033078354069       -1.2180090115096132     
  0.60372277354075665      -0.18967460292425686     
   2.5346357139565892       -2.7382223599265294     
   6.3552321369857800       -2.3570161815570700     
  0.69019010865427655      -0.42101141681378795     
   5.6571945111355735        1.9323218859428342     
   1.4003245719500019        5.6841477135291480     
   2.2821768638362356        5.2629763712983735     
 -0.24198216384851756        7.9129741596409051     
   2.5461599200437388      -0.33752649519003253     
   2.1235579775683875        3.2485784005194369     
   1.4618824429745279        3.2681767020283510     
   5.2275062556004226       0.40298187750951131     
   9.6619634947997710      -0.72833968410307737     
   3.8577720463849201        1.7126095548110416     
   2.2287208038168860E-002   5.6092130312891832     
   3.9545467459490591      -0.28641719909815944     
   5.5178303542928386       -1.3608652582927245     
 -0.67818410108510152       -1.4559746626742176     
   1.9055285878698913        8.3570101869654128     
   14.248597517485331      -0.49911641253313510     
   6.6738299089976021       0.46927025026024927     
   3.0651070885644525        5.7646544618843905     
 -0.96192293915628913      -0.72622614178348854     
  0.13867453162640064        3.2810500961567555     
   3.2308838668118978      -0.52486320078994320     
 -0.58913992485892663       0.82857244459033419     
  -1.3793711994063313       -1.2157993990845886     
   4.3927171034800310       -1.9783558609816607     
   4.0628814410602452        3.2847487952160352     
   9.8246981689558872        1.0420882539215151     
 -0.49812732833836249        2.5123451475117879     
 -0.48438417573753823       -2.1789502411317190     
  0.99901735811394898        5.3525617446173062     
   3.4212480040092541       0.75195653550524311     
 -0.45661155485670557        16.335296198043864     
   1.2796067237141142       -1.7719972745054515     
   2.2639600287481643        2.0685012603981536     
   3.1732986258360474        4.5678611234172699     
   2.3041873816734939      -0.94560222754625567     
 -0.37687263820400529        6.4187477747443875     
  -1.0044766069749875       0.92814910887459456     
   1.8180233584193295        4.8716347968054325     
   3.0640691942274114        4.5765074329064959     
  0.66817959081701916      -0.13938190272858852     
 -0.34079686262684117        7.1450377718394247     
  -2.3381350406133250        2.1032786385659317     
   3.4019216956643450      -0.47293730880186580     
   1.1111099465144227        8.9853567115685991     
   9.0878647685762690        1.8515749623240008     
 -0.40865367859341184        3.5792997384823564     
  -1.1457018157324179        2.4056112603725572     
   3.3110880464432708        2.9151670996043140     
   1.8222465146872913        1.3718969258827935     
  0.42416705323258919        8.4914602995228865     
   3.5953995158728262       -2.4820514237818312     
   3.1652102078991038      -0.57659695256714949     
  -1.2074028445965359       -1.7786261117805253     
 -0.60785781238557002       -2.2881819510122821     
   2.1361916569123740        2.6244589605554274     
 -0.55202625494472102        8.1185161502209109     
   5.2172346806097014        1.7356183450629277     
  0.10020980960104620        3.0942537848999208     
   2.7045372274572759       -1.1328308542775511     
   7.1401397293733613      -0.42114351320876198     
   1.1549967717143210        2.8898166005324284     
   7.6377563797948795      -0.14369304871002253     
   8.6696380875734462       0.38968817666982547     
   1.2474767360907024       0.61987214929412593     
   1.5538345128174140        7.9527111570018096     
 -0.97376030301754612        2.8633012514321341     
   5.0228352818088471      -0.49992099966616044     
   2.6567225090335742        3.5119666033350039     
   1.8275523021171671       0.87426578848826120     
   1.2115441183531304        2.2547932036014493     
   1.8952659602441453       -1.9430861235235239     
  -1.3183412229153002      -0.23073256423490429     
   1.0964452153212254      -0.73875128177968774     
   7.3312554452285763       0.52168850153868584     
   11.258361300914157        1.0704409437882707     
   2.5884362195482278        4.6907467970329026     
 -0.89316243932729433        3.0675462955887540     
   2.4017583967203628      -0.91206175198596373     
 -0.77290985407008073        10.013799199022571     
 -0.34393738773288884      -0.26906453630380911     
   2.1870932162522769       0.32426443486801082     
   6.3455421407184023        1.0636199663023249     
 -0.42553735630028422       0.73506020571171282     
   2.2337626719592429        3.4680625651508197     
  -2.0827325074163632      -0.33323936673495780     
  -1.2214949444313659      -0.70214857160862820     
   4.0438503957594936       0.27622938215008519     
   2.9226381960755679        8.5413326930072735     
   2.4141415498450640       -3.0608618002696577     
  0.24258028107521179      -0.53979009342203899     
   1.7039355076295428       0.65916482241738938     
   7.0729271236849538        3.0939655745836139     
  -1.1202823518398772       0.69912998627870371     
   2.8892824194506503        1.7766522888472163     
   3.7465115629270742        2.0248974412934566     
   4.5928607105945130        1.8634996641612260     
   2.2588152938878294      -0.43296013617737161     
   1.0036073563458650        2.9487075751646059     
   6.0401864688688356      -0.72924034134153848     
   3.0178381594041954        2.5217720266076813     
  -1.1056802522015015        3.5631719695323132     
  -5.3183815521697042E-002   13.537554596304172     
   8.6574025379915653E-002   7.8345929623684309     
   2.2396679328424098       -1.7693433378427859     
  0.80350848605625691       -1.0407476582172874     
   11.148666606326847        1.2572492638082839     
   1.1825904452956641        2.8035936809037518     
   1.2604683100336689       0.28886260101489958     
  0.39178653938989161        1.6868747753174129     
   6.0654180380969116       -8.8483697962926655E-004
   4.3108755560583258       -2.3434582879274357     
 -0.87687823507371343        4.8268301013827877     
  -2.3559850337374426        4.1558764850187995     
   3.3554401346218437        4.3941303464997112     
   2.1025227225133496      -0.42935750722352761     
   6.3996915935440466      -0.93334128034000496     
  0.80622848500850308       -1.3821808129363040     
   6.1328453805447065      -0.16631755854016550     
   2.2916342286142775        3.3352456443857545     
   5.5029508863402530        2.9970788732515570     
   9.7083555821925280        1.5337390272526652     
   1.8936554345487369        4.5611001897472221     
   2.3884089281784155       -2.2022352329367338     
 -0.54346362666412906       -2.9892415366672300     
 -0.45527839747550569      -0.55905214956192717     
   3.0377728885673698       -2.8801058968921027     
 -0.27575846662723658        4.1387760062512182     
  -1.1209623515779392      -0.97983921137095731     
  0.29859078581555121        6.3268687276581748     
   1.7439123343355871        1.3619656787333621     
  0.41540758292255875        7.0308704602920962     
  -1.2280444155926959        3.2541624753978957     
   4.9997197364179957E-002   3.1618391040740428     
  -1.6724779286058153      -0.82238030856159661     
   1.0853146932929536       -3.2694780342236092     
  -1.0425834344013620        2.2733827690032871     
   9.3071557367361688       0.50722995067059040     
   2.0072511802649262       -1.4510630785338097     
  0.11527717221809608       -1.1989751218701348     
 -0.72706355594076788        4.7873452880486518     
  -1.1920402189353281       -1.6163036598834744     
   6.9794092649715314       0.37119468137342393     
   1.0432262884529284        11.546453626093429     
  -1.5897326973216848       -1.8188194421422494     
 -0.52363626588064793        12.911609824336882     
   3.0999749698700598        2.5022217601514858     
   3.3456338226097970       -1.3597964783697507     
   7.6566890040809099       -7.5136742547030622E-003
   2.3976426088320948      -0.72073813701046552     
  -1.4435685430983334       -2.7282190601980210     
  -1.5672748112357022       0.26582979323665379     
  -1.3187528017041270       -2.9390689241033567     
 -0.90645822367939433        15.051403300235965     
   4.7144911900577977       -1.9122716372049742     
   2.5848751682883786       -1.2566892377107228     
   2.8437045422705718      -0.76173605450521498     
  -1.7599652633264280        2.4550753559088414     
   2.1728669059428296       -1.3600606711596992     
  -2.3446218802198340       -1.2148026717406912     
   2.2192500459706124        2.4758264986829848     
   3.4584243054782813        1.3906185876796049     
  0.25641290732578126      -0.54596259769629230     
   4.6673922608320559       -1.5105064562722426     
   2.3367826322755794        1.9833711382188093     
  -1.4611948520980889       -1.7775813493839103     
  0.90949897154412573       -2.5000285422615147     
  -1.8700536419726155        3.9666423948365312     
  0.90320002660208099       -2.3055826488593509     
 -0.21915743579858082        10.145103015627020     
  0.32713288008419017        1.9599300324924616     
   3.9370009632340737        1.1483297817703870     
   9.9816975821633527       0.85012817449750377     
   4.2188071704707699        5.4122092713297896     
 -0.73559934212643618      -0.15524547888868367     
   2.2317763569349052       -2.9328243672500260     
   1.2328209522624793       -1.0233349516070391     
  0.87091793377410243        11.820853864744581     
   2.9140666204300012      -0.31625897559917115     
  -1.8662599592234295        4.2858833551998661     
   2.3723573554141715       0.13104343531015461     
   7.1870418165696641        4.3058659371305232     
  -1.7757842046013355        4.9994569783167186E-003
 -0.20505638859877662        8.7396934432059474     
   7.2506038973484763       -1.4206809076897216     
  0.81880848016264318       -2.4782206283275761     
   2.3717847240558041        9.0255980769830426     
  0.17388241280103856        8.3940332038477532     
  0.74365061437688462        4.2968353472195524     
   6.5169199694398809       0.56009252618666716     
   2.3298394770553714        4.3598573363854705     
 -0.47376365351281269        10.483750137288398     
  0.91200423373698447       0.16966361769536631     
  0.20623608454881293        4.7399106734896996     
   3.3874045680139631E-002   13.371617506690097     
   3.1581507369342270       0.49668625659900512     
  -1.4091569774064254        5.9135030814940635     
   3.6128781653712583E-002   6.3282857617133530     
   2.7045909116471232       0.44110970060436516     
   2.3736099865106008      -0.36895342843073564     
 -0.12936168091454814        6.8728240343158831E-003
  0.29209499884406753        1.8514188484026675     
   1.0284989257049104      -0.32360833866501348     
   4.4073102557534334        6.3855435445531210     
   1.7308312867428755      -0.77898063843095056     
   5.2330446745196344        3.1406796633517966     
   3.4046327472516169      -0.23714524377274726     
   4.8224679905700043       0.38692616113854461     
   2.7002961764593647      -0.44465667151418664     
   8.3304076919304411       0.84037705879576441     
   9.9681333768620188      -0.89042196073653823     
  -4.5900660432458107E-002  -1.7387209917351085     
  -1.4133443442144888        3.4536760668618007     
  -1.1751296991335320      -0.85026465666435236     
   1.2717240951715838        3.4067938554091053     
   1.5809450286901341        3.7726288169088282     
 -0.44387945449799915      -0.86333019100362840     
  -2.7312554154977153        2.8107749212850819     
   3.9656683206123557       0.27375557693511210     
  0.53904227214013156      -0.29190520387118246     
   4.1202787873716318        6.3131066850544890     
   2.8055171885594272      -0.13665591348684636     
 -0.38289421483184061        7.2907160779697158     
   6.6329851878890320       -1.3448335594481167     
   3.1650581026945370      -0.23224566839551875     
   3.7102031558605728       -2.0952371530075538     
 -0.47458681109046630       -1.3974388845263697E-002
   1.4357114004241294        1.3325442089436330     
   6.5166694432205947       0.99207175527897418     
  0.24750133181118406        1.4870249384844825     
 -0.22892795835072954        4.5858622594233118     
   6.2443832323167605       0.63661236516632380     
   2.9517529217025742       -1.4215935736913621     
  0.79808638288171307        4.8229632796389943     
  -1.4214327621514324       -4.9712468067400817E-002
   5.0012005533005173       0.72499686216730685     
  0.40068022017453986        11.495608522791505     
   4.9792974038429545       0.38241086618306008     
 -0.16751324516579524        12.209025125758139     
  0.40053706233494779       -1.0963001966855686     
   4.7536806486460872        2.6804077882086310     
   2.5759635927737814      -0.32697079235526871     
   8.9184285180542560      -0.92029976352708820     
  0.67139169484286265      -0.54677919359249705     
 -0.77622037911064412        4.5441678336641527     
   1.0401662896316517        12.146771697435707     
  0.86580004100869123        3.8543844766347379     
   1.3101619751020146       -2.5953781219065974     
   1.6399976375218013       -1.9559355001255689     
   1.1727304490937702       -2.1403901025624039     
   3.9419756981598932        3.2917979392023908     
   1.2723683054497479        1.7162482100544243     
   3.4850158741824813        1.5256451208696942     
   1.0965704784308685        2.5009488312544605     
 -0.27774478165157435      -0.37654296676016807     
  -1.3497106845158799        6.6450288993353563     
   6.6831620106659990       -1.8060661356456404     
   2.3632355168226744        2.7621574435529515     
   2.1066966682739516        7.1398800080538383     
  0.60983829750082341       0.84229245652289242     
   5.5854321703576364        1.4302415017903045     
   2.5527764964423780        4.7627213191491258     
 -0.30808976996257442        6.2229869217740710     
  0.57605304735713014        8.9467665510913363     
  -1.7614281574997581      -0.98150242507131535     
  0.14428900314789628        11.413846858684005     
  0.76988876216459134       -2.0624832514355180     
   14.781032838705100       0.58444029353306659     
  -1.0194410748948308       -1.4036344683564477     
   2.9672184420609891        3.0617040323019364     
  0.51005728330525502        10.672762065351847     
   8.2337090449685846      -0.99706578215192332     
   2.2943765959789597        1.1825727699766788     
   3.2712856933542303        1.3193766001173315     
   4.9871755587029973       0.45205568824246312     
  0.73252456603110039        3.0328830006711809     
  -1.0769189474909870        1.8951247419943900     
 -0.46076760588735866       -1.2129353090662822     
 -0.47565602120491812        7.0460195150430120     
   10.191893553826679       -1.6717661326279094     
  0.68878984603576798       0.18930394987540877     
   4.6279209602470708       -1.7436265714939263     
 -0.85445166476514167        8.5566258529163424     
   2.1690419074162333        2.2526246838769914E-002
  0.64569933631859966        2.6573449585224371     
 -0.96224951797785829        5.6885489252344268     
   2.2719723940828245        4.9138395949997200     
   4.7872198182737247E-002   7.4316449182625188     
   7.7818313242966859        2.1454834367602191     
   12.175345421372747       -1.1612495923417940     
  -1.3776935684736134        6.4475027581776558     
   8.1159617219042293      -0.99293476761818189     
  -1.5580366568995361        3.0080488784160138     
  0.52863201299230633        12.313783571354346     
   3.1684625750673328        3.6797710556234882     
  -1.4898935252537817        1.4886040908425842     
  0.88910345308476435        1.2699485308705856     
  -2.1802006277660251       -1.2509310357661616     
 -0.21263928041466107        2.5949474250418514     
   1.9232756862968023       -1.6029319020831219     
   6.6074001977444627        3.9030379806564075     
   1.5162779483369708       -1.6096568094636314     
  0.23358370559335695        11.621886672005342     
   4.5615315121363178        4.0700078239039179     
  0.36128049850935096        1.6621067012597321     
   1.2740548837474397        5.3773298186749869     
   2.6621132964307077        6.7976302574386160     
 -0.92971689893059395        11.380174286728741     
   1.5222905775998314        8.5318878007666097     
   6.9187684988568918        2.0513827684858028     
   2.0668629994074990       0.38744854233685233     
   1.4965221664732851        8.3343676639905002     
  -1.2337841502238347        4.0304269404643467     
  0.22757107633049634        2.9298478125912299     
   3.0678226138342120        3.1020054415322762     
   5.2289333603138548        2.9313849342782041     
  -2.1786258915305141        3.0113152620008328     
  -1.6678387198665396       -2.0581120616381869     
  0.94794132515704321        3.8259897560968548     
   1.1402738826487897       -3.4416176500198863     
 -0.66924120979309354        13.571245181404208     
  -1.4411482808727323        1.6524036206107113     
  -1.3586893652677858      -0.10606358928711757     
   1.9705893522819324        4.9925690464043999     
   3.8104539067173024      -0.11605488025244615     
   2.1051577214983381        8.8807183536041876     
 -0.90459269808221210        5.8864053073795635     
   1.6607957874050148       0.86924012109764837     
  0.27731842558868891        20.015627854041135     
   2.7765679891844486      -0.57450142339232979     
  -2.0220827939367485       -1.8503124235804398     
  0.70936878547710736        8.9172249936698122     
   1.6593642090090959      -0.61216090472318374     
   6.4396907886625279      -0.17254410224872663     
  -1.2851062357175382        10.020109804073389     
 -0.46509813053501414       -1.9141029735898454     
   1.8895620150729049       -1.9018060000940564     
  0.47859834805493007        4.4188383767414940     
   2.6568880352856019        4.6924460370227994     
   3.5408876947657153       -1.2283545609887363     
   10.610594445173149       -5.8604957201806585E-002
  -2.8256277475662017      -0.72879001272230770     
   5.1903523225438306        4.7399046691081104     
  0.97807605039114298        3.6546967581047309     
 -0.20383507327975803       -1.0058561967993040     
   8.2859974458795342      -0.29416885573051488     
  -1.2546136158844590      -0.12277978763295572     
   1.5787663453188441      -0.48246626238478418     
   1.5100505823147219        9.8654369343216679     
   2.3266228993470404        9.2060117306099816     
  0.14377005597937575        6.1406788589419037     
  -1.5340398240379403        4.4575306117057831     
  -1.5013998366109824       0.68620255271599229     
 -0.84058324905467430       0.21738043818903607     
   2.4397354873546067        1.4574533591550094     
   3.0352721000569987      -0.96505041951542569     
  0.81460769230711838        5.7135502322035681E-002
