  0.89077077385334136     
   8.2492766262033321E-002
  0.26825881201832869     
   1.1782438727195343     
  0.59175404067883686     
  0.15257037459584114     
   1.4113122822697615     
  0.96573957883308248     
  0.39277079584913299     
   1.0205266473123209     
   1.1792411221970851     
  0.98489582678412702     
   1.2027554557821518     
  0.68120759580762935     
  0.97966833093673134     
  0.95248233913968916     
   1.1706033063106243     
  0.65274759444541841     
  0.91231838300465351     
  0.59221464607690810     
   1.1065163671924592     
  0.53305952248269717     
  0.33781412253232140     
   1.0055525478285265     
   1.2429873631135628     
  0.31664326410517640     
   1.1462540374569166     
   1.0246112694652569     
  0.67335040806563917     
  0.96411360131779600     
  0.42843281689095797     
  0.80429169985214766     
   1.0494977173421207     
   1.1486828410947545     
  0.72414068472634996     
  0.89077077385334136     
   1.2027554557821518     
  0.68376920168235922     
   1.3277257964575984     
  0.36272453769760105     
   1.1366614307797993     
   1.0941327346535925     
   1.2208649932819184     
  0.65964109234440826     
   1.0460143667508774     
   1.4546429548034454     
  0.98652781698084258     
   1.1410679598846285     
  0.75901147192234419     
  0.92220399929732089     
   1.0235443845764702     
  0.88123344831276995     
  0.73243595106799764     
  0.86254766801326999     
   1.1981185070176663     
  0.13858094528929843     
   1.3204380141660259     
  0.55918494887617831     
  0.59012486294338895     
   1.0369118615035495     
   1.4546429548034454     
  0.54236495511119809     
   1.3386003097912402     
  0.69308765537339079     
  0.64861203507001031     
  0.73643441223568340     
  0.84416775207929617     
  0.87781566019822255     
   1.2134808218016990     
  0.59743865005176533     
  0.73074402648397763     
  0.73243595106799764     
  0.85097172105952323     
  0.97439405406631985     
   1.1203009402298991     
  0.13497083606807819     
  0.73919442779017597     
   1.0626555708574588     
  0.61439777740036450     
  0.85798094081159759     
   1.3341840305460007     
  0.37200608644156874     
  0.59192366539935537     
  0.57445854759079162     
  0.77788865720312550     
  0.12496382134455425     
  0.75901147192234419     
  0.51174490696922015     
  0.67335040806563917     
  0.58691093108780268     
   1.3466711062295658     
   1.3739180343359165     
  0.95693448979949558     
   1.3129193291348775     
  0.45854196305264372     
  0.50210839949618091     
   1.0279765159034000     
  0.14417424606244375     
   1.0494977173421207     
   1.2412600894377741     
   1.4113122822697615     
   1.0295251194215642     
  0.53736773408801530     
   1.3546485456958264     
  0.92636256736141209     
  0.14556814326069722     
   1.2507547394864200     
  0.56284625935871979     
  0.13965589363566153     
  0.46449164797202153     
  0.39910435780612530     
  0.94785502371922437     
  0.27835997781284560     
  0.90975338391017091     
   1.1822497565813261     
   1.3394673973734650     
  0.34012958613005234     
  0.39579822968155243     
  0.29885155770002259     
  0.64387848528923530     
  0.60101174124206258     
  0.23571600653293170     
   1.1172695225596001     
   1.3341840305460007     
   1.3871013804287988     
  0.10144695533578717     
  0.78711277230880616     
   1.3511003673145034     
  0.69386370847388779     
   1.3604660113896965     
  0.40535486326335995     
  0.36972909971840345     
   1.1468869403162907     
  0.32874867574048988     
   1.3394673973734650     
   1.1366614307797993     
   1.1537385817295116     
   1.1965527120199939     
  0.90651686851074620     
  0.55007993058246007     
  0.92272033637690820     
  0.93135505663159324     
  0.15820460227431893     
  0.86669116276108227     
  0.71534681204669914     
   1.3204380141660259     
  0.39584908861553703     
  0.39579822968155243     
  0.47769481023975052     
  0.96411360131779600     
  0.42929149082125662     
   1.3604660113896965     
   1.1792411221970851     
  0.26825881201832869     
  0.92408845416769747     
   1.0942758837337845     
  0.67174111073744414     
  0.35267929795899999     
  0.56878061582096973     
  0.94655019189723022     
   1.0969204637884356     
  0.39463604329937435     
  0.65533812579644901     
  0.88320243819519828     
   1.2397981172405292     
  0.36283338930129350     
   1.2145482621923531     
  0.69386370847388779     
   1.3965796272276791     
  0.51067649517800806     
  0.55215011821723947     
  0.21201418617181289     
   1.1725154813914167     
   1.0773305555843817     
  0.92675815142971962     
   1.1535067332370608     
  0.76679815211282520     
  0.78076924157521366     
  0.36554134517957659     
  0.23455766448205487     
  0.88896015588548194     
  0.53568919393855208     
   1.2544675626721353     
  0.48520235985866050     
   1.0279765159034000     
  0.81766113784863503     
  0.73462532245209822     
  0.94785502371922437     
  0.54453893178906998     
  0.91832591537701302     
  0.89557930046717193     
  0.55346982932509770     
  0.44626564402235286     
  0.80150239139114066     
  0.49241837794811660     
   1.3427381291451255     
  0.67059465614808045     
   1.2145482621923531     
  0.38153184303396298     
   1.3277257964575984     
  0.90975338391017091     
  0.47551367014958651     
  0.41928555125416506     
  0.79374046261940379     
  0.25163051301986927     
  0.42368898561412538     
  0.69541718490932936     
  0.50582877719288322     
  0.21097942934961939     
  0.92272033637690820     
  0.62746927073798542     
  0.14872496317867601     
  0.37200608644156874     
  0.11344827819975566     
  0.99793350980699880     
  0.84416775207929617     
  0.47766018810300226     
   1.0246112694652569     
   1.1822497565813261     
   1.1410679598846285     
  0.26922708623567271     
   1.2248577844893063     
   1.0773305555843817     
   1.2148401961777557     
   1.0427305293853844     
   1.2429873631135628     
  0.17661652033649583     
   1.2882267507772664     
   1.3020533424019278     
  0.88320243819519828     
  0.92386799263242103     
  0.29944139542780390     
   1.5723299211869346     
  0.84072681381911762     
  0.41928555125416506     
  0.72243026070525329     
   1.1312361295429876     
   1.1535067332370608     
  0.46145091527771737     
  0.53736773408801530     
  0.34724366714697563     
   1.0444544577578445     
  0.42165604790801181     
   1.0154289146907109     
  0.98662612784715131     
  0.19270814500576361     
  0.86572102498328807     
   1.1706033063106243     
  0.36987107226333371     
  0.88465190813586592     
  0.12466811724704858     
  0.20186737582213482     
  0.97966833093673134     
  0.52100339950271213     
   1.0941327346535925     
   1.1905996018564360     
  0.69605396272948228     
   1.0894849932592909     
  0.93135505663159324     
  0.41366485960679655     
  0.73687220502940620     
   1.3234092264978452     
  0.49439591163403446     
  0.45764310872926711     
  0.35431338163762616     
  0.41552666108152381     
  0.36554134517957659     
   1.0235621298019031     
   1.2324327097420515     
  0.48999158980817209     
   1.3871013804287988     
   1.3651231250185183     
   1.3739180343359165     
   1.2707707025357275     
  0.37196001697091163     
  0.84072681381911762     
   1.2208649932819184     
   1.2226262475528120     
   1.1201229464784521     
   1.0250696779542867     
  0.92408845416769747     
  0.27005057966227958     
  0.73537409045221980     
  0.74040197456021795     
  0.45753331368931777     
  0.47596283250805271     
  0.73537409045221980     
  0.16096600949891879     
  0.56541951424164538     
   1.0460143667508774     
   1.1468869403162907     
   1.0657651500465921     
  0.18084751736037938     
   1.5723299211869346     
  0.13927954298213210     
   1.1420272757926200     
  0.43485234380580529     
  0.18165277111391170     
  0.58767269425219348     
   1.1420272757926200     
